Total IPs: 1
103.118.243.89