Total IPs: 1
104.90.194.91