Total IPs: 1
108.168.241.66