Total IPs: 1
129.208.45.188