Total IPs: 1
146.155.75.50