Total IPs: 1
156.229.34.117