Total IPs: 1
162.116.190.154