Total IPs: 2
167.114.173.207
167.114.138.180