Total IPs: 1
169.239.2.89