Total IPs: 1
170.91.5.204