Total IPs: 2
194.124.41.173
194.124.41.3