Total IPs: 1
196.89.58.155