Total IPs: 1
199.91.107.60