Total IPs: 2
2.17.203.23
2.17.203.213