Total IPs: 1
206.253.225.18