Total IPs: 1
212.26.58.21