Total IPs: 1
45.35.132.42