Total IPs: 1
46.252.21.31