Total IPs: 14
51.68.198.254
51.68.32.191
51.68.24.76
51.68.198.29
51.68.109.190
51.68.16.193
51.68.239.30
51.68.95.84
51.68.203.136
51.68.196.236
51.68.163.148
51.68.231.234
51.68.106.158
51.68.83.25