Total IPs: 1
64.25.189.40