Total IPs: 2
64.50.163.140
64.50.163.65