Total IPs: 1
67.48.216.86