Total IPs: 1
82.135.62.164