52.26.8.178	192.168.7.25	31
18.204.117.60	192.168.7.25	69
34.242.245.114	192.168.7.25	31
151.101.192.217	192.168.7.25	31
96.16.209.82	192.168.7.25	31
96.16.209.82	192.168.7.25	31
172.217.9.132	192.168.7.25	31
172.217.195.157	192.168.7.25	31
151.101.0.217	192.168.7.25	31
151.101.194.110	192.168.7.25	31
192.168.7.25	34.242.245.114	0
192.168.7.25	23.63.253.147	0
23.63.253.147	192.168.7.25	0
192.168.7.25	23.63.253.147	0
192.168.7.25	23.63.253.147	302
23.63.253.147	192.168.7.25	0
23.63.253.147	192.168.7.25	0
23.63.253.147	192.168.7.25	384
192.168.7.25	23.63.253.147	0
34.242.245.114	192.168.7.25	0
192.168.7.25	34.242.245.114	0
192.168.7.25	34.242.245.114	517
192.168.7.25	34.212.195.53	0
34.212.195.53	192.168.7.25	0
192.168.7.25	34.212.195.53	0
192.168.7.25	34.212.195.53	517
34.242.245.114	192.168.7.25	0
34.242.245.114	192.168.7.25	0
34.242.245.114	192.168.7.25	1448
34.242.245.114	192.168.7.25	1448
34.242.245.114	192.168.7.25	496
192.168.7.25	34.242.245.114	0
192.168.7.25	34.242.245.114	0
192.168.7.25	34.242.245.114	126
192.168.7.25	72.21.91.29	0
34.212.195.53	192.168.7.25	0
34.212.195.53	192.168.7.25	0
72.21.91.29	192.168.7.25	0
192.168.7.25	72.21.91.29	0
192.168.7.25	72.21.91.29	385
34.212.195.53	192.168.7.25	1448
34.212.195.53	192.168.7.25	1448
34.212.195.53	192.168.7.25	522
192.168.7.25	34.212.195.53	0
192.168.7.25	34.212.195.53	0
192.168.7.25	34.212.195.53	126
192.168.7.25	72.21.91.29	0
192.168.7.25	23.63.253.147	0
192.168.7.25	54.192.121.148	0
72.21.91.29	192.168.7.25	0
72.21.91.29	192.168.7.25	788
192.168.7.25	72.21.91.29	0
192.168.7.25	72.21.91.29	0
23.63.253.147	192.168.7.25	0
192.168.7.25	23.63.253.147	0
72.21.91.29	192.168.7.25	0
192.168.7.25	72.21.91.29	0
192.168.7.25	72.21.91.29	385
54.192.121.148	192.168.7.25	0
192.168.7.25	54.192.121.148	0
192.168.7.25	54.192.121.148	517
192.168.7.25	34.242.245.114	391
72.21.91.29	192.168.7.25	0
192.168.7.25	72.21.91.29	0
72.21.91.29	192.168.7.25	0
54.192.121.148	192.168.7.25	0
54.192.121.148	192.168.7.25	0
72.21.91.29	192.168.7.25	788
192.168.7.25	72.21.91.29	0
192.168.7.25	34.212.195.53	557
54.192.121.148	192.168.7.25	1448
54.192.121.148	192.168.7.25	1448
54.192.121.148	192.168.7.25	1448
54.192.121.148	192.168.7.25	58
192.168.7.25	54.192.121.148	0
192.168.7.25	54.192.121.148	0
192.168.7.25	54.192.121.148	0
192.168.7.25	54.192.121.148	126
192.168.7.25	54.192.121.148	378
34.212.195.53	192.168.7.25	51
54.192.121.148	192.168.7.25	0
192.168.7.25	34.212.195.53	0
54.192.121.148	192.168.7.25	242
192.168.7.25	54.192.121.148	0
54.192.121.148	192.168.7.25	824
192.168.7.25	54.192.121.148	0
192.168.7.25	54.192.121.148	349
34.242.245.114	192.168.7.25	51
192.168.7.25	34.242.245.114	0
192.168.7.25	72.21.91.29	0
54.192.121.148	192.168.7.25	658
192.168.7.25	54.192.121.148	0
54.192.121.148	192.168.7.25	1448
54.192.121.148	192.168.7.25	1448
54.192.121.148	192.168.7.25	1448
54.192.121.148	192.168.7.25	1448
54.192.121.148	192.168.7.25	1448
192.168.7.25	54.192.121.148	0
192.168.7.25	54.192.121.148	0
54.192.121.148	192.168.7.25	1448
192.168.7.25	54.192.121.148	0
192.168.7.25	54.192.121.148	0
54.192.121.148	192.168.7.25	1448
54.192.121.148	192.168.7.25	1448
54.192.121.148	192.168.7.25	1071
192.168.7.25	54.192.121.148	0
192.168.7.25	54.192.121.148	0
192.168.7.25	54.192.121.148	0
192.168.7.25	54.192.121.148	31
192.168.7.25	54.192.121.148	0
72.21.91.29	192.168.7.25	0
192.168.7.25	72.21.91.29	0
54.192.121.148	192.168.7.25	0
192.168.7.25	54.192.121.148	0
192.168.7.25	104.20.84.19	0
104.20.84.19	192.168.7.25	0
192.168.7.25	104.20.84.19	0
192.168.7.25	104.20.84.19	517
34.212.195.53	192.168.7.25	0
34.242.245.114	192.168.7.25	311
192.168.7.25	34.242.245.114	0
192.168.7.25	34.242.245.114	31
192.168.7.25	34.242.245.114	0
104.20.84.19	192.168.7.25	0
192.168.7.25	52.26.8.178	0
104.20.84.19	192.168.7.25	1460
104.20.84.19	192.168.7.25	1460
104.20.84.19	192.168.7.25	1460
104.20.84.19	192.168.7.25	1460
104.20.84.19	192.168.7.25	26
192.168.7.25	104.20.84.19	0
192.168.7.25	104.20.84.19	0
192.168.7.25	104.20.84.19	0
192.168.7.25	104.20.84.19	0
192.168.7.25	104.20.84.19	64
192.168.7.25	104.20.84.19	170
192.168.7.25	104.20.84.19	241
104.20.84.19	192.168.7.25	0
104.20.84.19	192.168.7.25	521
192.168.7.25	104.20.84.19	0
192.168.7.25	104.20.84.19	31
104.20.84.19	192.168.7.25	1391
192.168.7.25	104.20.84.19	0
104.20.84.19	192.168.7.25	1391
104.20.84.19	192.168.7.25	1391
104.20.84.19	192.168.7.25	1391
104.20.84.19	192.168.7.25	1391
104.20.84.19	192.168.7.25	1391
104.20.84.19	192.168.7.25	1391
104.20.84.19	192.168.7.25	1391
104.20.84.19	192.168.7.25	1460
104.20.84.19	192.168.7.25	1322
104.20.84.19	192.168.7.25	630
192.168.7.25	104.20.84.19	0
192.168.7.25	104.20.84.19	0
192.168.7.25	104.20.84.19	0
192.168.7.25	104.20.84.19	0
192.168.7.25	104.20.84.19	0
192.168.7.25	104.20.84.19	0
192.168.7.25	104.20.84.19	0
192.168.7.25	104.20.84.19	0
192.168.7.25	104.20.84.19	0
192.168.7.25	104.20.84.19	0
192.168.7.25	104.20.84.19	0
192.168.7.25	104.20.84.19	0
52.26.8.178	192.168.7.25	0
192.168.7.25	52.26.8.178	0
192.168.7.25	52.26.8.178	517
104.20.84.19	192.168.7.25	0
192.168.7.25	104.20.84.19	189
192.168.7.25	104.20.84.19	119
192.168.7.25	104.20.84.19	118
192.168.7.25	104.20.84.19	117
192.168.7.25	104.20.84.19	119
192.168.7.25	104.20.84.19	122
192.168.7.25	104.20.84.19	158
192.168.7.25	104.20.84.19	149
192.168.7.25	104.20.84.19	145
192.168.7.25	104.20.84.19	151
192.168.7.25	172.226.209.65	0
192.168.7.25	104.20.84.19	94
192.168.7.25	104.20.84.19	142
192.168.7.25	104.20.84.19	99
192.168.7.25	104.20.84.19	136
192.168.7.25	104.20.84.19	133
192.168.7.25	104.20.84.19	128
192.168.7.25	104.20.84.19	105
192.168.7.25	104.20.84.19	106
192.168.7.25	104.20.84.19	108
192.168.7.25	104.20.84.19	104
192.168.7.25	104.20.84.19	98
192.168.7.25	104.20.84.19	90
192.168.7.25	104.20.84.19	113
192.168.7.25	104.20.84.19	117
192.168.7.25	104.20.84.19	117
192.168.7.25	104.20.84.19	116
192.168.7.25	104.20.84.19	115
192.168.7.25	172.217.9.170	0
34.242.245.114	192.168.7.25	31
34.242.245.114	192.168.7.25	0
192.168.7.25	34.242.245.114	0
104.20.84.19	192.168.7.25	0
104.20.84.19	192.168.7.25	0
34.242.245.114	192.168.7.25	0
104.20.84.19	192.168.7.25	0
104.20.84.19	192.168.7.25	0
104.20.84.19	192.168.7.25	0
104.20.84.19	192.168.7.25	0
104.20.84.19	192.168.7.25	0
172.217.9.170	192.168.7.25	0
104.20.84.19	192.168.7.25	0
192.168.7.25	172.217.9.170	0
104.20.84.19	192.168.7.25	0
104.20.84.19	192.168.7.25	0
104.20.84.19	192.168.7.25	0
104.20.84.19	192.168.7.25	0
172.226.209.65	192.168.7.25	0
192.168.7.25	172.226.209.65	0
192.168.7.25	172.217.9.170	517
192.168.7.25	172.226.209.65	517
104.20.84.19	192.168.7.25	1391
104.20.84.19	192.168.7.25	1391
104.20.84.19	192.168.7.25	100
104.20.84.19	192.168.7.25	31
192.168.7.25	104.20.84.19	0
192.168.7.25	104.20.84.19	0
192.168.7.25	104.20.84.19	0
192.168.7.25	104.20.84.19	0
104.20.84.19	192.168.7.25	348
104.20.84.19	192.168.7.25	31
192.168.7.25	104.20.84.19	0
192.168.7.25	104.20.84.19	0
104.20.84.19	192.168.7.25	811
104.20.84.19	192.168.7.25	31
192.168.7.25	104.20.84.19	0
192.168.7.25	104.20.84.19	0
104.20.84.19	192.168.7.25	1391
104.20.84.19	192.168.7.25	1391
104.20.84.19	192.168.7.25	1460
104.20.84.19	192.168.7.25	1322
192.168.7.25	104.20.84.19	0
192.168.7.25	104.20.84.19	0
192.168.7.25	104.20.84.19	0
192.168.7.25	104.20.84.19	0
104.20.84.19	192.168.7.25	683
104.20.84.19	192.168.7.25	31
192.168.7.25	104.20.84.19	0
192.168.7.25	104.20.84.19	0
104.20.84.19	192.168.7.25	1391
104.20.84.19	192.168.7.25	1391
104.20.84.19	192.168.7.25	1460
104.20.84.19	192.168.7.25	1322
104.20.84.19	192.168.7.25	1460
104.20.84.19	192.168.7.25	1460
104.20.84.19	192.168.7.25	1460
104.20.84.19	192.168.7.25	1184
104.20.84.19	192.168.7.25	1460
104.20.84.19	192.168.7.25	1460
104.20.84.19	192.168.7.25	1460
104.20.84.19	192.168.7.25	1460
104.20.84.19	192.168.7.25	1115
104.20.84.19	192.168.7.25	1460
104.20.84.19	192.168.7.25	1460
104.20.84.19	192.168.7.25	1460
104.20.84.19	192.168.7.25	1460
104.20.84.19	192.168.7.25	1460
104.20.84.19	192.168.7.25	96
192.168.7.25	104.20.84.19	0
192.168.7.25	104.20.84.19	0
192.168.7.25	104.20.84.19	0
192.168.7.25	104.20.84.19	0
192.168.7.25	104.20.84.19	0
192.168.7.25	104.20.84.19	0
192.168.7.25	104.20.84.19	0
192.168.7.25	104.20.84.19	0
192.168.7.25	104.20.84.19	0
192.168.7.25	104.20.84.19	0
192.168.7.25	104.20.84.19	0
104.20.84.19	192.168.7.25	1460
104.20.84.19	192.168.7.25	1460
104.20.84.19	192.168.7.25	1331
104.20.84.19	192.168.7.25	1460
104.20.84.19	192.168.7.25	1460
104.20.84.19	192.168.7.25	1331
104.20.84.19	192.168.7.25	1460
104.20.84.19	192.168.7.25	1460
104.20.84.19	192.168.7.25	1460
104.20.84.19	192.168.7.25	1460
104.20.84.19	192.168.7.25	1460
104.20.84.19	192.168.7.25	1202
104.20.84.19	192.168.7.25	1460
104.20.84.19	192.168.7.25	1460
104.20.84.19	192.168.7.25	1460
104.20.84.19	192.168.7.25	1460
104.20.84.19	192.168.7.25	1460
104.20.84.19	192.168.7.25	1460
104.20.84.19	192.168.7.25	1460
104.20.84.19	192.168.7.25	1460
104.20.84.19	192.168.7.25	460
104.20.84.19	192.168.7.25	31
104.20.84.19	192.168.7.25	1460
192.168.7.25	104.20.84.19	0
192.168.7.25	104.20.84.19	0
192.168.7.25	104.20.84.19	0
192.168.7.25	104.20.84.19	0
192.168.7.25	104.20.84.19	0
192.168.7.25	104.20.84.19	0
192.168.7.25	104.20.84.19	0
192.168.7.25	104.20.84.19	0
192.168.7.25	104.20.84.19	0
192.168.7.25	104.20.84.19	0
192.168.7.25	104.20.84.19	0
192.168.7.25	104.20.84.19	0
192.168.7.25	104.20.84.19	0
104.20.84.19	192.168.7.25	1460
104.20.84.19	192.168.7.25	1331
104.20.84.19	192.168.7.25	1460
104.20.84.19	192.168.7.25	1460
104.20.84.19	192.168.7.25	1460
104.20.84.19	192.168.7.25	1460
104.20.84.19	192.168.7.25	1460
104.20.84.19	192.168.7.25	1202
104.20.84.19	192.168.7.25	1460
104.20.84.19	192.168.7.25	1460
104.20.84.19	192.168.7.25	1460
104.20.84.19	192.168.7.25	1371
104.20.84.19	192.168.7.25	1460
104.20.84.19	192.168.7.25	1460
104.20.84.19	192.168.7.25	1460
104.20.84.19	192.168.7.25	722
104.20.84.19	192.168.7.25	1460
104.20.84.19	192.168.7.25	1460
104.20.84.19	192.168.7.25	1331
104.20.84.19	192.168.7.25	1460
192.168.7.25	104.20.84.19	0
192.168.7.25	104.20.84.19	0
192.168.7.25	104.20.84.19	0
192.168.7.25	104.20.84.19	0
192.168.7.25	104.20.84.19	0
192.168.7.25	104.20.84.19	0
192.168.7.25	104.20.84.19	0
192.168.7.25	104.20.84.19	0
192.168.7.25	104.20.84.19	0
192.168.7.25	104.20.84.19	0
192.168.7.25	104.20.84.19	0
104.20.84.19	192.168.7.25	1460
104.20.84.19	192.168.7.25	1331
104.20.84.19	192.168.7.25	1460
104.20.84.19	192.168.7.25	1460
104.20.84.19	192.168.7.25	1460
104.20.84.19	192.168.7.25	1460
104.20.84.19	192.168.7.25	1460
104.20.84.19	192.168.7.25	1202
104.20.84.19	192.168.7.25	1460
104.20.84.19	192.168.7.25	1460
104.20.84.19	192.168.7.25	1460
104.20.84.19	192.168.7.25	1460
104.20.84.19	192.168.7.25	1460
104.20.84.19	192.168.7.25	1460
104.20.84.19	192.168.7.25	1460
192.168.7.25	104.20.84.19	0
192.168.7.25	104.20.84.19	0
192.168.7.25	104.20.84.19	0
192.168.7.25	104.20.84.19	0
192.168.7.25	104.20.84.19	0
192.168.7.25	104.20.84.19	0
192.168.7.25	104.20.84.19	0
192.168.7.25	104.20.84.19	0
104.20.84.19	192.168.7.25	1460
104.20.84.19	192.168.7.25	1073
104.20.84.19	192.168.7.25	1460
104.20.84.19	192.168.7.25	1460
104.20.84.19	192.168.7.25	1460
104.20.84.19	192.168.7.25	1460
104.20.84.19	192.168.7.25	1460
104.20.84.19	192.168.7.25	1460
104.20.84.19	192.168.7.25	1460
104.20.84.19	192.168.7.25	1460
104.20.84.19	192.168.7.25	1460
104.20.84.19	192.168.7.25	1460
104.20.84.19	192.168.7.25	1460
104.20.84.19	192.168.7.25	1460
104.20.84.19	192.168.7.25	1460
104.20.84.19	192.168.7.25	1460
104.20.84.19	192.168.7.25	1460
104.20.84.19	192.168.7.25	1460
104.20.84.19	192.168.7.25	525
104.20.84.19	192.168.7.25	1460
104.20.84.19	192.168.7.25	1460
104.20.84.19	192.168.7.25	1460
104.20.84.19	192.168.7.25	1460
104.20.84.19	192.168.7.25	1460
104.20.84.19	192.168.7.25	1460
192.168.7.25	104.20.84.19	0
192.168.7.25	104.20.84.19	0
192.168.7.25	104.20.84.19	0
192.168.7.25	104.20.84.19	0
192.168.7.25	104.20.84.19	0
192.168.7.25	104.20.84.19	0
192.168.7.25	104.20.84.19	0
192.168.7.25	104.20.84.19	0
192.168.7.25	104.20.84.19	0
192.168.7.25	104.20.84.19	0
192.168.7.25	104.20.84.19	0
192.168.7.25	104.20.84.19	0
192.168.7.25	104.20.84.19	0
192.168.7.25	104.20.84.19	0
104.20.84.19	192.168.7.25	1460
104.20.84.19	192.168.7.25	1460
104.20.84.19	192.168.7.25	1460
104.20.84.19	192.168.7.25	1460
104.20.84.19	192.168.7.25	1460
104.20.84.19	192.168.7.25	1460
104.20.84.19	192.168.7.25	1460
104.20.84.19	192.168.7.25	1460
104.20.84.19	192.168.7.25	1460
104.20.84.19	192.168.7.25	1460
104.20.84.19	192.168.7.25	1460
104.20.84.19	192.168.7.25	1460
104.20.84.19	192.168.7.25	1460
104.20.84.19	192.168.7.25	989
104.20.84.19	192.168.7.25	1460
104.20.84.19	192.168.7.25	1460
104.20.84.19	192.168.7.25	1460
104.20.84.19	192.168.7.25	1460
104.20.84.19	192.168.7.25	1460
192.168.7.25	104.20.84.19	0
192.168.7.25	104.20.84.19	0
192.168.7.25	104.20.84.19	0
192.168.7.25	104.20.84.19	0
192.168.7.25	104.20.84.19	0
192.168.7.25	104.20.84.19	0
192.168.7.25	104.20.84.19	0
192.168.7.25	104.20.84.19	0
192.168.7.25	104.20.84.19	0
192.168.7.25	104.20.84.19	0
192.168.7.25	104.20.84.19	0
192.168.7.25	104.20.84.19	0
104.20.84.19	192.168.7.25	1460
104.20.84.19	192.168.7.25	1460
104.20.84.19	192.168.7.25	1460
104.20.84.19	192.168.7.25	1460
192.168.7.25	104.20.84.19	0
192.168.7.25	104.20.84.19	0
192.168.7.25	104.20.84.19	0
104.20.84.19	192.168.7.25	1460
104.20.84.19	192.168.7.25	1460
104.20.84.19	192.168.7.25	1460
104.20.84.19	192.168.7.25	1460
104.20.84.19	192.168.7.25	1460
104.20.84.19	192.168.7.25	1460
104.20.84.19	192.168.7.25	1460
104.20.84.19	192.168.7.25	1460
192.168.7.25	104.20.84.19	0
192.168.7.25	104.20.84.19	0
192.168.7.25	104.20.84.19	0
192.168.7.25	104.20.84.19	0
192.168.7.25	104.20.84.19	0
104.20.84.19	192.168.7.25	1460
104.20.84.19	192.168.7.25	1460
104.20.84.19	192.168.7.25	1460
104.20.84.19	192.168.7.25	1460
104.20.84.19	192.168.7.25	1460
104.20.84.19	192.168.7.25	1460
104.20.84.19	192.168.7.25	1460
104.20.84.19	192.168.7.25	1460
104.20.84.19	192.168.7.25	1460
172.226.209.65	192.168.7.25	0
172.217.9.170	192.168.7.25	0
104.20.84.19	192.168.7.25	1460
104.20.84.19	192.168.7.25	588
192.168.7.25	104.20.84.19	0
192.168.7.25	104.20.84.19	0
192.168.7.25	104.20.84.19	0
192.168.7.25	104.20.84.19	0
192.168.7.25	104.20.84.19	0
192.168.7.25	104.20.84.19	0
104.20.84.19	192.168.7.25	1460
104.20.84.19	192.168.7.25	1460
104.20.84.19	192.168.7.25	1460
192.168.7.25	104.20.84.19	0
104.20.84.19	192.168.7.25	1460
104.20.84.19	192.168.7.25	1460
104.20.84.19	192.168.7.25	1460
192.168.7.25	104.20.84.19	0
192.168.7.25	104.20.84.19	0
192.168.7.25	104.20.84.19	0
192.168.7.25	104.20.84.19	0
104.20.84.19	192.168.7.25	1460
104.20.84.19	192.168.7.25	1460
192.168.7.25	104.20.84.19	0
192.168.7.25	104.20.84.19	0
192.168.7.25	104.20.84.19	0
192.168.7.25	104.20.84.19	0
104.20.84.19	192.168.7.25	1460
104.20.84.19	192.168.7.25	1460
104.20.84.19	192.168.7.25	1460
104.20.84.19	192.168.7.25	1460
104.20.84.19	192.168.7.25	1460
104.20.84.19	192.168.7.25	1460
104.20.84.19	192.168.7.25	1460
192.168.7.25	104.20.84.19	0
192.168.7.25	104.20.84.19	0
192.168.7.25	104.20.84.19	0
192.168.7.25	104.20.84.19	0
192.168.7.25	104.20.84.19	0
192.168.7.25	104.20.84.19	0
192.168.7.25	96.16.209.82	0
192.168.7.25	96.16.209.82	0
192.168.7.25	104.20.84.19	0
192.168.7.25	104.20.84.19	0
104.20.84.19	192.168.7.25	1460
104.20.84.19	192.168.7.25	1460
104.20.84.19	192.168.7.25	1460
104.20.84.19	192.168.7.25	1460
104.20.84.19	192.168.7.25	1460
192.168.7.25	104.20.84.19	0
192.168.7.25	104.20.84.19	0
104.20.84.19	192.168.7.25	1460
104.20.84.19	192.168.7.25	1460
104.20.84.19	192.168.7.25	1460
104.20.84.19	192.168.7.25	1460
104.20.84.19	192.168.7.25	1460
104.20.84.19	192.168.7.25	1460
104.20.84.19	192.168.7.25	1460
192.168.7.25	104.20.84.19	0
192.168.7.25	104.20.84.19	0
192.168.7.25	104.20.84.19	0
192.168.7.25	104.20.84.19	0
104.20.84.19	192.168.7.25	1356
172.226.209.65	192.168.7.25	1448
172.226.209.65	192.168.7.25	1448
192.168.7.25	172.226.209.65	0
192.168.7.25	104.20.84.19	0
192.168.7.25	104.20.84.19	0
192.168.7.25	104.20.84.19	0
192.168.7.25	104.20.84.19	0
192.168.7.25	104.20.84.19	0
192.168.7.25	104.20.84.19	0
192.168.7.25	104.20.84.19	0
192.168.7.25	104.20.84.19	0
192.168.7.25	104.20.84.19	0
192.168.7.25	104.20.84.19	0
192.168.7.25	104.20.84.19	0
192.168.7.25	104.20.84.19	0
192.168.7.25	104.20.84.19	0
192.168.7.25	104.20.84.19	0
192.168.7.25	104.20.84.19	0
192.168.7.25	104.20.84.19	0
192.168.7.25	104.20.84.19	0
192.168.7.25	104.20.84.19	0
104.20.84.19	192.168.7.25	1460
172.226.209.65	192.168.7.25	1200
172.226.209.65	192.168.7.25	72
104.20.84.19	192.168.7.25	1460
104.20.84.19	192.168.7.25	1460
104.20.84.19	192.168.7.25	1460
104.20.84.19	192.168.7.25	1460
172.217.9.170	192.168.7.25	1418
172.217.9.170	192.168.7.25	1418
192.168.7.25	104.20.84.19	0
104.20.84.19	192.168.7.25	1460
104.20.84.19	192.168.7.25	1460
192.168.7.25	172.226.209.65	0
192.168.7.25	172.226.209.65	0
192.168.7.25	104.20.84.19	0
192.168.7.25	104.20.84.19	0
192.168.7.25	104.20.84.19	0
192.168.7.25	104.20.84.19	0
192.168.7.25	172.217.9.170	0
192.168.7.25	104.20.84.19	0
104.20.84.19	192.168.7.25	97
172.217.9.170	192.168.7.25	857
192.168.7.25	172.217.9.170	0
192.168.7.25	104.20.84.19	0
192.168.7.25	104.20.84.19	0
192.168.7.25	104.20.84.19	0
192.168.7.25	104.20.84.19	0
192.168.7.25	104.20.84.19	0
192.168.7.25	104.20.84.19	0
192.168.7.25	172.226.209.65	0
104.20.84.19	192.168.7.25	1460
104.20.84.19	192.168.7.25	1460
104.20.84.19	192.168.7.25	351
192.168.7.25	104.20.84.19	0
192.168.7.25	172.226.209.65	126
192.168.7.25	172.217.9.170	0
52.26.8.178	192.168.7.25	0
192.168.7.25	172.226.209.65	387
192.168.7.25	104.20.84.19	0
192.168.7.25	104.20.84.19	0
192.168.7.25	216.58.194.99	0
52.26.8.178	192.168.7.25	1448
52.26.8.178	192.168.7.25	1448
192.168.7.25	52.26.8.178	0
52.26.8.178	192.168.7.25	118
192.168.7.25	52.26.8.178	0
192.168.7.25	52.26.8.178	126
192.168.7.25	72.21.91.29	0
104.20.84.19	192.168.7.25	1460
104.20.84.19	192.168.7.25	1460
104.20.84.19	192.168.7.25	1460
104.20.84.19	192.168.7.25	639
192.168.7.25	104.20.84.19	0
192.168.7.25	104.20.84.19	0
192.168.7.25	104.20.84.19	0
104.20.84.19	192.168.7.25	1460
104.20.84.19	192.168.7.25	1460
192.168.7.25	104.20.84.19	0
192.168.7.25	104.20.84.19	0
104.20.84.19	192.168.7.25	587
104.20.84.19	192.168.7.25	1460
104.20.84.19	192.168.7.25	1460
104.20.84.19	192.168.7.25	1460
104.20.84.19	192.168.7.25	1460
104.20.84.19	192.168.7.25	1460
104.20.84.19	192.168.7.25	1460
104.20.84.19	192.168.7.25	1460
104.20.84.19	192.168.7.25	1460
104.20.84.19	192.168.7.25	1460
104.20.84.19	192.168.7.25	1460
104.20.84.19	192.168.7.25	1460
172.226.209.65	192.168.7.25	274
192.168.7.25	104.20.84.19	0
192.168.7.25	104.20.84.19	0
192.168.7.25	104.20.84.19	0
192.168.7.25	172.226.209.65	0
192.168.7.25	104.20.84.19	0
192.168.7.25	104.20.84.19	0
192.168.7.25	104.20.84.19	0
192.168.7.25	104.20.84.19	0
192.168.7.25	104.20.84.19	0
104.20.84.19	192.168.7.25	1460
104.20.84.19	192.168.7.25	1460
104.20.84.19	192.168.7.25	1460
104.20.84.19	192.168.7.25	1460
104.20.84.19	192.168.7.25	1460
104.20.84.19	192.168.7.25	1460
104.20.84.19	192.168.7.25	1460
104.20.84.19	192.168.7.25	1460
104.20.84.19	192.168.7.25	558
104.20.84.19	192.168.7.25	1460
104.20.84.19	192.168.7.25	1460
104.20.84.19	192.168.7.25	1460
192.168.7.25	104.20.84.19	0
192.168.7.25	104.20.84.19	0
192.168.7.25	104.20.84.19	0
192.168.7.25	104.20.84.19	0
192.168.7.25	104.20.84.19	0
192.168.7.25	104.20.84.19	0
104.20.84.19	192.168.7.25	1460
104.20.84.19	192.168.7.25	1460
104.20.84.19	192.168.7.25	1460
104.20.84.19	192.168.7.25	1460
104.20.84.19	192.168.7.25	1460
104.20.84.19	192.168.7.25	1460
104.20.84.19	192.168.7.25	1460
104.20.84.19	192.168.7.25	1460
192.168.7.25	104.20.84.19	0
192.168.7.25	104.20.84.19	0
192.168.7.25	104.20.84.19	0
192.168.7.25	104.20.84.19	0
192.168.7.25	104.20.84.19	0
104.20.84.19	192.168.7.25	1460
104.20.84.19	192.168.7.25	1460
104.20.84.19	192.168.7.25	1460
104.20.84.19	192.168.7.25	1460
192.168.7.25	104.20.84.19	0
192.168.7.25	104.20.84.19	0
192.168.7.25	104.20.84.19	0
192.168.7.25	104.20.84.19	0
192.168.7.25	104.20.84.19	0
104.20.84.19	192.168.7.25	1460
104.20.84.19	192.168.7.25	785
104.20.84.19	192.168.7.25	1460
104.20.84.19	192.168.7.25	1460
104.20.84.19	192.168.7.25	1460
104.20.84.19	192.168.7.25	1460
104.20.84.19	192.168.7.25	1460
104.20.84.19	192.168.7.25	1460
104.20.84.19	192.168.7.25	1460
104.20.84.19	192.168.7.25	1460
104.20.84.19	192.168.7.25	1460
192.168.7.25	104.20.84.19	0
192.168.7.25	104.20.84.19	0
192.168.7.25	104.20.84.19	0
192.168.7.25	104.20.84.19	0
192.168.7.25	104.20.84.19	0
192.168.7.25	104.20.84.19	0
192.168.7.25	104.20.84.19	0
104.20.84.19	192.168.7.25	1460
104.20.84.19	192.168.7.25	1460
104.20.84.19	192.168.7.25	1460
104.20.84.19	192.168.7.25	1460
104.20.84.19	192.168.7.25	1460
104.20.84.19	192.168.7.25	1460
104.20.84.19	192.168.7.25	1460
104.20.84.19	192.168.7.25	1460
104.20.84.19	192.168.7.25	1460
104.20.84.19	192.168.7.25	1460
104.20.84.19	192.168.7.25	1460
104.20.84.19	192.168.7.25	1460
192.168.7.25	104.20.84.19	0
192.168.7.25	104.20.84.19	0
192.168.7.25	104.20.84.19	0
192.168.7.25	104.20.84.19	0
192.168.7.25	104.20.84.19	0
192.168.7.25	104.20.84.19	0
104.20.84.19	192.168.7.25	1460
104.20.84.19	192.168.7.25	1460
192.168.7.25	104.20.84.19	0
192.168.7.25	104.20.84.19	0
104.20.84.19	192.168.7.25	1460
172.226.209.65	192.168.7.25	363
104.20.84.19	192.168.7.25	1460
104.20.84.19	192.168.7.25	316
104.20.84.19	192.168.7.25	1460
104.20.84.19	192.168.7.25	1460
104.20.84.19	192.168.7.25	1460
104.20.84.19	192.168.7.25	1460
104.20.84.19	192.168.7.25	1460
104.20.84.19	192.168.7.25	1460
192.168.7.25	172.226.209.65	0
192.168.7.25	104.20.84.19	0
192.168.7.25	104.20.84.19	0
192.168.7.25	104.20.84.19	0
192.168.7.25	104.20.84.19	0
192.168.7.25	104.20.84.19	0
104.20.84.19	192.168.7.25	1460
192.168.7.25	104.20.84.19	0
192.168.7.25	104.20.84.19	0
104.20.84.19	192.168.7.25	1460
104.20.84.19	192.168.7.25	1460
104.20.84.19	192.168.7.25	1460
104.20.84.19	192.168.7.25	1460
104.20.84.19	192.168.7.25	1460
104.20.84.19	192.168.7.25	1460
104.20.84.19	192.168.7.25	1460
104.20.84.19	192.168.7.25	1460
104.20.84.19	192.168.7.25	1460
104.20.84.19	192.168.7.25	1460
192.168.7.25	104.20.84.19	0
192.168.7.25	104.20.84.19	0
192.168.7.25	104.20.84.19	0
192.168.7.25	104.20.84.19	0
192.168.7.25	104.20.84.19	0
192.168.7.25	104.20.84.19	0
104.20.84.19	192.168.7.25	1460
104.20.84.19	192.168.7.25	1460
104.20.84.19	192.168.7.25	1460
104.20.84.19	192.168.7.25	1460
104.20.84.19	192.168.7.25	1460
104.20.84.19	192.168.7.25	1460
192.168.7.25	104.20.84.19	0
192.168.7.25	104.20.84.19	0
192.168.7.25	104.20.84.19	0
192.168.7.25	104.20.84.19	0
104.20.84.19	192.168.7.25	1460
104.20.84.19	192.168.7.25	1460
104.20.84.19	192.168.7.25	1460
104.20.84.19	192.168.7.25	1460
104.20.84.19	192.168.7.25	1460
104.20.84.19	192.168.7.25	1460
104.20.84.19	192.168.7.25	1460
104.20.84.19	192.168.7.25	1460
104.20.84.19	192.168.7.25	1460
104.20.84.19	192.168.7.25	1460
192.168.7.25	104.20.84.19	0
192.168.7.25	104.20.84.19	0
192.168.7.25	104.20.84.19	0
192.168.7.25	104.20.84.19	0
192.168.7.25	104.20.84.19	0
104.20.84.19	192.168.7.25	1460
104.20.84.19	192.168.7.25	1460
192.168.7.25	104.20.84.19	0
192.168.7.25	104.20.84.19	0
104.20.84.19	192.168.7.25	1460
104.20.84.19	192.168.7.25	1460
96.16.209.82	192.168.7.25	0
104.20.84.19	192.168.7.25	1460
104.20.84.19	192.168.7.25	1460
104.20.84.19	192.168.7.25	1460
104.20.84.19	192.168.7.25	1460
104.20.84.19	192.168.7.25	1460
104.20.84.19	192.168.7.25	1460
104.20.84.19	192.168.7.25	1460
104.20.84.19	192.168.7.25	1460
104.20.84.19	192.168.7.25	1460
104.20.84.19	192.168.7.25	1460
192.168.7.25	104.20.84.19	0
192.168.7.25	104.20.84.19	0
192.168.7.25	104.20.84.19	0
192.168.7.25	96.16.209.82	0
192.168.7.25	104.20.84.19	0
192.168.7.25	104.20.84.19	0
192.168.7.25	104.20.84.19	0
104.20.84.19	192.168.7.25	1460
104.20.84.19	192.168.7.25	1460
104.20.84.19	192.168.7.25	1460
104.20.84.19	192.168.7.25	1460
104.20.84.19	192.168.7.25	1460
104.20.84.19	192.168.7.25	1460
192.168.7.25	104.20.84.19	0
192.168.7.25	104.20.84.19	0
192.168.7.25	104.20.84.19	0
192.168.7.25	104.20.84.19	0
104.20.84.19	192.168.7.25	1460
192.168.7.25	104.20.84.19	0
192.168.7.25	96.16.209.82	517
104.20.84.19	192.168.7.25	1460
104.20.84.19	192.168.7.25	1460
104.20.84.19	192.168.7.25	1460
104.20.84.19	192.168.7.25	1460
104.20.84.19	192.168.7.25	1460
96.16.209.82	192.168.7.25	0
104.20.84.19	192.168.7.25	1460
104.20.84.19	192.168.7.25	1460
104.20.84.19	192.168.7.25	1460
104.20.84.19	192.168.7.25	1460
104.20.84.19	192.168.7.25	1460
104.20.84.19	192.168.7.25	1460
104.20.84.19	192.168.7.25	1460
192.168.7.25	104.20.84.19	0
192.168.7.25	104.20.84.19	0
192.168.7.25	104.20.84.19	0
192.168.7.25	96.16.209.82	0
192.168.7.25	104.20.84.19	0
192.168.7.25	104.20.84.19	0
192.168.7.25	104.20.84.19	0
104.20.84.19	192.168.7.25	1460
104.20.84.19	192.168.7.25	1460
104.20.84.19	192.168.7.25	1460
104.20.84.19	192.168.7.25	1460
192.168.7.25	104.20.84.19	0
192.168.7.25	104.20.84.19	0
192.168.7.25	104.20.84.19	0
192.168.7.25	104.20.84.19	0
192.168.7.25	104.20.84.19	0
104.20.84.19	192.168.7.25	1460
104.20.84.19	192.168.7.25	1460
104.20.84.19	192.168.7.25	1460
104.20.84.19	192.168.7.25	1460
104.20.84.19	192.168.7.25	1460
104.20.84.19	192.168.7.25	1460
104.20.84.19	192.168.7.25	1460
104.20.84.19	192.168.7.25	1460
104.20.84.19	192.168.7.25	1460
192.168.7.25	104.20.84.19	0
192.168.7.25	104.20.84.19	0
192.168.7.25	104.20.84.19	0
192.168.7.25	104.20.84.19	0
192.168.7.25	96.16.209.82	517
192.168.7.25	104.20.84.19	0
104.20.84.19	192.168.7.25	1460
104.20.84.19	192.168.7.25	1460
104.20.84.19	192.168.7.25	1460
104.20.84.19	192.168.7.25	1460
104.20.84.19	192.168.7.25	1460
104.20.84.19	192.168.7.25	1460
104.20.84.19	192.168.7.25	1460
104.20.84.19	192.168.7.25	1460
104.20.84.19	192.168.7.25	1460
104.20.84.19	192.168.7.25	1460
104.20.84.19	192.168.7.25	1460
104.20.84.19	192.168.7.25	1460
192.168.7.25	104.20.84.19	0
192.168.7.25	104.20.84.19	0
192.168.7.25	104.20.84.19	0
192.168.7.25	104.20.84.19	0
192.168.7.25	104.20.84.19	0
192.168.7.25	104.20.84.19	0
192.168.7.25	104.20.84.19	0
104.20.84.19	192.168.7.25	1460
104.20.84.19	192.168.7.25	1460
104.20.84.19	192.168.7.25	1460
104.20.84.19	192.168.7.25	1460
104.20.84.19	192.168.7.25	1460
104.20.84.19	192.168.7.25	1460
104.20.84.19	192.168.7.25	1460
104.20.84.19	192.168.7.25	1460
104.20.84.19	192.168.7.25	1460
104.20.84.19	192.168.7.25	1460
104.20.84.19	192.168.7.25	1460
104.20.84.19	192.168.7.25	1460
104.20.84.19	192.168.7.25	1460
192.168.7.25	104.20.84.19	0
192.168.7.25	104.20.84.19	0
192.168.7.25	104.20.84.19	0
192.168.7.25	104.20.84.19	0
192.168.7.25	104.20.84.19	0
192.168.7.25	104.20.84.19	0
192.168.7.25	104.20.84.19	0
192.168.7.25	104.20.84.19	0
104.20.84.19	192.168.7.25	1460
104.20.84.19	192.168.7.25	1460
104.20.84.19	192.168.7.25	1460
104.20.84.19	192.168.7.25	1460
104.20.84.19	192.168.7.25	1460
104.20.84.19	192.168.7.25	1460
104.20.84.19	192.168.7.25	1460
104.20.84.19	192.168.7.25	1460
104.20.84.19	192.168.7.25	1460
104.20.84.19	192.168.7.25	1460
104.20.84.19	192.168.7.25	1460
192.168.7.25	104.20.84.19	0
192.168.7.25	104.20.84.19	0
192.168.7.25	104.20.84.19	0
192.168.7.25	104.20.84.19	0
192.168.7.25	104.20.84.19	0
192.168.7.25	104.20.84.19	0
192.168.7.25	104.20.84.19	0
104.20.84.19	192.168.7.25	1460
104.20.84.19	192.168.7.25	1460
104.20.84.19	192.168.7.25	1460
104.20.84.19	192.168.7.25	1460
104.20.84.19	192.168.7.25	1460
104.20.84.19	192.168.7.25	1460
104.20.84.19	192.168.7.25	1460
104.20.84.19	192.168.7.25	1460
104.20.84.19	192.168.7.25	1460
104.20.84.19	192.168.7.25	1460
192.168.7.25	104.20.84.19	0
192.168.7.25	104.20.84.19	0
192.168.7.25	104.20.84.19	0
192.168.7.25	104.20.84.19	0
192.168.7.25	104.20.84.19	0
192.168.7.25	104.20.84.19	0
104.20.84.19	192.168.7.25	1460
104.20.84.19	192.168.7.25	1460
104.20.84.19	192.168.7.25	1460
104.20.84.19	192.168.7.25	1460
192.168.7.25	104.20.84.19	0
192.168.7.25	104.20.84.19	0
192.168.7.25	104.20.84.19	0
104.20.84.19	192.168.7.25	1460
104.20.84.19	192.168.7.25	1460
104.20.84.19	192.168.7.25	341
104.20.84.19	192.168.7.25	1460
104.20.84.19	192.168.7.25	1460
104.20.84.19	192.168.7.25	1460
104.20.84.19	192.168.7.25	1460
104.20.84.19	192.168.7.25	1460
104.20.84.19	192.168.7.25	1460
104.20.84.19	192.168.7.25	1460
104.20.84.19	192.168.7.25	1460
104.20.84.19	192.168.7.25	1460
192.168.7.25	104.20.84.19	0
192.168.7.25	104.20.84.19	0
192.168.7.25	104.20.84.19	0
192.168.7.25	104.20.84.19	0
192.168.7.25	104.20.84.19	0
192.168.7.25	104.20.84.19	0
104.20.84.19	192.168.7.25	1460
192.168.7.25	104.20.84.19	0
192.168.7.25	104.20.84.19	0
192.168.7.25	104.20.84.19	0
104.20.84.19	192.168.7.25	1460
104.20.84.19	192.168.7.25	346
104.20.84.19	192.168.7.25	1460
104.20.84.19	192.168.7.25	1460
104.20.84.19	192.168.7.25	1460
192.168.7.25	104.20.84.19	0
192.168.7.25	104.20.84.19	0
104.20.84.19	192.168.7.25	1460
104.20.84.19	192.168.7.25	1460
104.20.84.19	192.168.7.25	1460
104.20.84.19	192.168.7.25	1460
104.20.84.19	192.168.7.25	1460
192.168.7.25	104.20.84.19	0
192.168.7.25	104.20.84.19	0
192.168.7.25	104.20.84.19	0
104.20.84.19	192.168.7.25	1460
104.20.84.19	192.168.7.25	1460
104.20.84.19	192.168.7.25	1460
104.20.84.19	192.168.7.25	346
192.168.7.25	104.20.84.19	0
192.168.7.25	104.20.84.19	0
192.168.7.25	104.20.84.19	0
104.20.84.19	192.168.7.25	1460
104.20.84.19	192.168.7.25	1460
104.20.84.19	192.168.7.25	1460
104.20.84.19	192.168.7.25	1460
104.20.84.19	192.168.7.25	1460
192.168.7.25	104.20.84.19	0
192.168.7.25	104.20.84.19	0
104.20.84.19	192.168.7.25	1460
104.20.84.19	192.168.7.25	1460
104.20.84.19	192.168.7.25	1460
104.20.84.19	192.168.7.25	1460
104.20.84.19	192.168.7.25	1460
192.168.7.25	104.20.84.19	0
192.168.7.25	104.20.84.19	0
192.168.7.25	104.20.84.19	0
192.168.7.25	104.20.84.19	0
104.20.84.19	192.168.7.25	1460
104.20.84.19	192.168.7.25	1460
104.20.84.19	192.168.7.25	1460
104.20.84.19	192.168.7.25	1460
104.20.84.19	192.168.7.25	1460
192.168.7.25	104.20.84.19	0
192.168.7.25	104.20.84.19	0
104.20.84.19	192.168.7.25	1460
104.20.84.19	192.168.7.25	1460
104.20.84.19	192.168.7.25	1460
104.20.84.19	192.168.7.25	1460
104.20.84.19	192.168.7.25	1460
192.168.7.25	104.20.84.19	0
192.168.7.25	104.20.84.19	0
192.168.7.25	104.20.84.19	0
104.20.84.19	192.168.7.25	1460
104.20.84.19	192.168.7.25	1460
104.20.84.19	192.168.7.25	692
104.20.84.19	192.168.7.25	1460
192.168.7.25	104.20.84.19	0
192.168.7.25	104.20.84.19	0
192.168.7.25	104.20.84.19	0
104.20.84.19	192.168.7.25	1460
104.20.84.19	192.168.7.25	1460
104.20.84.19	192.168.7.25	1460
104.20.84.19	192.168.7.25	1460
104.20.84.19	192.168.7.25	1460
192.168.7.25	104.20.84.19	0
192.168.7.25	104.20.84.19	0
104.20.84.19	192.168.7.25	1460
104.20.84.19	192.168.7.25	1460
104.20.84.19	192.168.7.25	1460
104.20.84.19	192.168.7.25	1460
104.20.84.19	192.168.7.25	1460
192.168.7.25	104.20.84.19	0
192.168.7.25	104.20.84.19	0
192.168.7.25	104.20.84.19	0
192.168.7.25	104.20.84.19	0
104.20.84.19	192.168.7.25	1460
104.20.84.19	192.168.7.25	1460
104.20.84.19	192.168.7.25	1460
104.20.84.19	192.168.7.25	1460
192.168.7.25	104.20.84.19	0
192.168.7.25	104.20.84.19	0
192.168.7.25	104.20.84.19	0
192.168.7.25	104.20.84.19	250
104.20.84.19	192.168.7.25	1460
104.20.84.19	192.168.7.25	1460
104.20.84.19	192.168.7.25	1460
104.20.84.19	192.168.7.25	1460
104.20.84.19	192.168.7.25	1460
192.168.7.25	104.20.84.19	0
192.168.7.25	104.20.84.19	0
104.20.84.19	192.168.7.25	1460
104.20.84.19	192.168.7.25	1460
104.20.84.19	192.168.7.25	1460
104.20.84.19	192.168.7.25	1460
104.20.84.19	192.168.7.25	1460
192.168.7.25	104.20.84.19	0
192.168.7.25	104.20.84.19	0
192.168.7.25	104.20.84.19	0
192.168.7.25	104.20.84.19	0
104.20.84.19	192.168.7.25	1460
104.20.84.19	192.168.7.25	1460
104.20.84.19	192.168.7.25	1460
192.168.7.25	104.20.84.19	0
192.168.7.25	104.20.84.19	0
104.20.84.19	192.168.7.25	1460
104.20.84.19	192.168.7.25	1460
104.20.84.19	192.168.7.25	1460
104.20.84.19	192.168.7.25	1460
216.58.194.99	192.168.7.25	0
192.168.7.25	104.20.84.19	0
192.168.7.25	104.20.84.19	0
192.168.7.25	216.58.194.99	0
104.20.84.19	192.168.7.25	1460
104.20.84.19	192.168.7.25	1460
104.20.84.19	192.168.7.25	1460
104.20.84.19	192.168.7.25	1460
104.20.84.19	192.168.7.25	1460
72.21.91.29	192.168.7.25	0
104.20.84.19	192.168.7.25	1460
192.168.7.25	104.20.84.19	0
192.168.7.25	104.20.84.19	0
192.168.7.25	104.20.84.19	0
192.168.7.25	104.20.84.19	0
192.168.7.25	72.21.91.29	0
192.168.7.25	104.20.84.19	0
192.168.7.25	216.58.194.99	389
192.168.7.25	72.21.91.29	385
104.20.84.19	192.168.7.25	1460
104.20.84.19	192.168.7.25	1460
104.20.84.19	192.168.7.25	1460
104.20.84.19	192.168.7.25	1460
104.20.84.19	192.168.7.25	1460
192.168.7.25	104.20.84.19	0
192.168.7.25	104.20.84.19	0
104.20.84.19	192.168.7.25	1460
104.20.84.19	192.168.7.25	1460
104.20.84.19	192.168.7.25	1460
104.20.84.19	192.168.7.25	1460
104.20.84.19	192.168.7.25	1460
192.168.7.25	104.20.84.19	0
192.168.7.25	104.20.84.19	0
192.168.7.25	104.20.84.19	0
192.168.7.25	104.20.84.19	0
104.20.84.19	192.168.7.25	1460
104.20.84.19	192.168.7.25	1460
104.20.84.19	192.168.7.25	1460
104.20.84.19	192.168.7.25	1460
104.20.84.19	192.168.7.25	1460
104.20.84.19	192.168.7.25	1267
104.20.84.19	192.168.7.25	1460
192.168.7.25	104.20.84.19	0
104.20.84.19	192.168.7.25	1460
104.20.84.19	192.168.7.25	1460
104.20.84.19	192.168.7.25	1460
104.20.84.19	192.168.7.25	1460
104.20.84.19	192.168.7.25	1460
104.20.84.19	192.168.7.25	1460
104.20.84.19	192.168.7.25	1460
104.20.84.19	192.168.7.25	1460
104.20.84.19	192.168.7.25	1460
192.168.7.25	104.20.84.19	0
104.20.84.19	192.168.7.25	1460
104.20.84.19	192.168.7.25	1460
104.20.84.19	192.168.7.25	1460
104.20.84.19	192.168.7.25	1460
104.20.84.19	192.168.7.25	1460
104.20.84.19	192.168.7.25	1460
104.20.84.19	192.168.7.25	1460
104.20.84.19	192.168.7.25	1460
104.20.84.19	192.168.7.25	1460
104.20.84.19	192.168.7.25	1460
104.20.84.19	192.168.7.25	1460
104.20.84.19	192.168.7.25	1460
104.20.84.19	192.168.7.25	1460
192.168.7.25	104.20.84.19	0
34.212.195.53	192.168.7.25	158
104.20.84.19	192.168.7.25	1460
104.20.84.19	192.168.7.25	1460
104.20.84.19	192.168.7.25	1460
104.20.84.19	192.168.7.25	1460
104.20.84.19	192.168.7.25	1460
104.20.84.19	192.168.7.25	1460
104.20.84.19	192.168.7.25	1460
104.20.84.19	192.168.7.25	1460
104.20.84.19	192.168.7.25	1460
192.168.7.25	104.20.84.19	0
192.168.7.25	34.212.195.53	0
192.168.7.25	104.20.84.19	0
104.20.84.19	192.168.7.25	1460
104.20.84.19	192.168.7.25	1460
104.20.84.19	192.168.7.25	1460
104.20.84.19	192.168.7.25	1460
192.168.7.25	34.212.195.53	93
104.20.84.19	192.168.7.25	1460
104.20.84.19	192.168.7.25	1460
104.20.84.19	192.168.7.25	1460
104.20.84.19	192.168.7.25	1460
104.20.84.19	192.168.7.25	1460
104.20.84.19	192.168.7.25	1460
192.168.7.25	104.20.84.19	0
104.20.84.19	192.168.7.25	1460
104.20.84.19	192.168.7.25	1460
104.20.84.19	192.168.7.25	1460
104.20.84.19	192.168.7.25	1460
104.20.84.19	192.168.7.25	1460
104.20.84.19	192.168.7.25	1460
104.20.84.19	192.168.7.25	1460
104.20.84.19	192.168.7.25	1460
104.20.84.19	192.168.7.25	1460
104.20.84.19	192.168.7.25	1460
192.168.7.25	104.20.84.19	0
104.20.84.19	192.168.7.25	1460
104.20.84.19	192.168.7.25	1460
104.20.84.19	192.168.7.25	1460
104.20.84.19	192.168.7.25	1460
104.20.84.19	192.168.7.25	1460
104.20.84.19	192.168.7.25	1460
104.20.84.19	192.168.7.25	1460
104.20.84.19	192.168.7.25	1460
104.20.84.19	192.168.7.25	1460
104.20.84.19	192.168.7.25	1460
192.168.7.25	104.20.84.19	0
104.20.84.19	192.168.7.25	1460
104.20.84.19	192.168.7.25	1460
192.168.7.25	104.20.84.19	0
104.20.84.19	192.168.7.25	1460
104.20.84.19	192.168.7.25	1460
104.20.84.19	192.168.7.25	66
104.20.84.19	192.168.7.25	1460
104.20.84.19	192.168.7.25	688
104.20.84.19	192.168.7.25	1460
104.20.84.19	192.168.7.25	1460
104.20.84.19	192.168.7.25	1460
104.20.84.19	192.168.7.25	1460
192.168.7.25	104.20.84.19	0
192.168.7.25	104.20.84.19	0
104.20.84.19	192.168.7.25	1460
104.20.84.19	192.168.7.25	1460
104.20.84.19	192.168.7.25	1460
104.20.84.19	192.168.7.25	1460
104.20.84.19	192.168.7.25	1460
104.20.84.19	192.168.7.25	1460
104.20.84.19	192.168.7.25	1460
104.20.84.19	192.168.7.25	1460
104.20.84.19	192.168.7.25	1460
104.20.84.19	192.168.7.25	1460
104.20.84.19	192.168.7.25	1460
104.20.84.19	192.168.7.25	1460
192.168.7.25	104.20.84.19	0
192.168.7.25	104.20.84.19	0
104.20.84.19	192.168.7.25	1460
104.20.84.19	192.168.7.25	1460
104.20.84.19	192.168.7.25	1460
104.20.84.19	192.168.7.25	1460
104.20.84.19	192.168.7.25	1460
104.20.84.19	192.168.7.25	1460
104.20.84.19	192.168.7.25	1460
104.20.84.19	192.168.7.25	1460
192.168.7.25	104.20.84.19	0
104.20.84.19	192.168.7.25	1460
104.20.84.19	192.168.7.25	1460
104.20.84.19	192.168.7.25	1460
104.20.84.19	192.168.7.25	1460
104.20.84.19	192.168.7.25	1460
104.20.84.19	192.168.7.25	1460
104.20.84.19	192.168.7.25	1460
104.20.84.19	192.168.7.25	1460
104.20.84.19	192.168.7.25	1460
104.20.84.19	192.168.7.25	1460
104.20.84.19	192.168.7.25	1460
104.20.84.19	192.168.7.25	1460
104.20.84.19	192.168.7.25	1460
104.20.84.19	192.168.7.25	1460
104.20.84.19	192.168.7.25	1460
104.20.84.19	192.168.7.25	1460
192.168.7.25	104.20.84.19	0
192.168.7.25	104.20.84.19	0
104.20.84.19	192.168.7.25	1460
104.20.84.19	192.168.7.25	1460
104.20.84.19	192.168.7.25	1460
104.20.84.19	192.168.7.25	1460
104.20.84.19	192.168.7.25	1460
104.20.84.19	192.168.7.25	1460
104.20.84.19	192.168.7.25	1460
104.20.84.19	192.168.7.25	1460
192.168.7.25	104.20.84.19	0
104.20.84.19	192.168.7.25	1460
104.20.84.19	192.168.7.25	1460
104.20.84.19	192.168.7.25	1460
104.20.84.19	192.168.7.25	1460
104.20.84.19	192.168.7.25	1460
104.20.84.19	192.168.7.25	1460
104.20.84.19	192.168.7.25	1460
104.20.84.19	192.168.7.25	1460
104.20.84.19	192.168.7.25	1460
104.20.84.19	192.168.7.25	1460
104.20.84.19	192.168.7.25	1460
104.20.84.19	192.168.7.25	1460
192.168.7.25	104.20.84.19	0
104.20.84.19	192.168.7.25	1460
104.20.84.19	192.168.7.25	1460
104.20.84.19	192.168.7.25	1460
104.20.84.19	192.168.7.25	1460
104.20.84.19	192.168.7.25	1460
104.20.84.19	192.168.7.25	1460
104.20.84.19	192.168.7.25	1460
104.20.84.19	192.168.7.25	1460
104.20.84.19	192.168.7.25	1460
104.20.84.19	192.168.7.25	1460
104.20.84.19	192.168.7.25	1460
104.20.84.19	192.168.7.25	1460
192.168.7.25	104.20.84.19	0
192.168.7.25	104.20.84.19	0
104.20.84.19	192.168.7.25	1097
104.20.84.19	192.168.7.25	58
104.20.84.19	192.168.7.25	1460
104.20.84.19	192.168.7.25	1460
104.20.84.19	192.168.7.25	1460
96.16.209.82	192.168.7.25	0
104.20.84.19	192.168.7.25	1460
104.20.84.19	192.168.7.25	1052
96.16.209.82	192.168.7.25	0
104.20.84.19	192.168.7.25	31
192.168.7.25	104.20.84.19	0
192.168.7.25	104.20.84.19	0
192.168.7.25	104.20.84.19	0
192.168.7.25	104.20.84.19	0
192.168.7.25	104.20.84.19	0
96.16.209.82	192.168.7.25	1448
96.16.209.82	192.168.7.25	1448
96.16.209.82	192.168.7.25	88
192.168.7.25	96.16.209.82	0
192.168.7.25	96.16.209.82	0
96.16.209.82	192.168.7.25	1448
96.16.209.82	192.168.7.25	1448
96.16.209.82	192.168.7.25	88
192.168.7.25	96.16.209.82	0
192.168.7.25	96.16.209.82	0
192.168.7.25	96.16.209.82	126
72.21.91.29	192.168.7.25	0
216.58.194.99	192.168.7.25	0
72.21.91.29	192.168.7.25	788
192.168.7.25	96.16.209.82	126
192.168.7.25	72.21.91.29	0
192.168.7.25	72.21.91.29	385
192.168.7.25	72.21.91.29	0
192.168.7.25	72.21.91.29	0
192.168.7.25	52.26.8.178	365
192.168.7.25	104.20.84.19	93
216.58.194.99	192.168.7.25	701
192.168.7.25	216.58.194.99	0
192.168.7.25	104.20.84.19	174
192.168.7.25	104.20.84.19	91
192.168.7.25	172.217.9.170	64
192.168.7.25	172.217.9.170	170
192.168.7.25	172.217.9.170	224
192.168.7.25	172.226.209.65	0
192.168.7.25	104.20.84.19	115
192.168.7.25	104.20.84.19	95
104.20.84.19	192.168.7.25	1460
104.20.84.19	192.168.7.25	1460
104.20.84.19	192.168.7.25	1460
104.20.84.19	192.168.7.25	1460
104.20.84.19	192.168.7.25	1460
104.20.84.19	192.168.7.25	1460
104.20.84.19	192.168.7.25	1460
104.20.84.19	192.168.7.25	1460
104.20.84.19	192.168.7.25	1460
104.20.84.19	192.168.7.25	1460
192.168.7.25	104.20.84.19	0
104.20.84.19	192.168.7.25	1460
192.168.7.25	104.20.84.19	116
104.20.84.19	192.168.7.25	346
104.20.84.19	192.168.7.25	1460
104.20.84.19	192.168.7.25	1460
104.20.84.19	192.168.7.25	1460
104.20.84.19	192.168.7.25	1460
104.20.84.19	192.168.7.25	1460
104.20.84.19	192.168.7.25	1460
104.20.84.19	192.168.7.25	1251
104.20.84.19	192.168.7.25	31
192.168.7.25	104.20.84.19	0
192.168.7.25	104.20.84.19	0
192.168.7.25	104.20.84.19	0
192.168.7.25	104.20.84.19	0
192.168.7.25	104.20.84.19	114
52.26.8.178	192.168.7.25	51
96.16.209.82	192.168.7.25	290
192.168.7.25	52.26.8.178	0
192.168.7.25	96.16.209.82	0
96.16.209.82	192.168.7.25	290
72.21.91.29	192.168.7.25	788
72.21.91.29	192.168.7.25	0
72.21.91.29	192.168.7.25	0
172.217.9.170	192.168.7.25	564
192.168.7.25	172.217.9.170	0
192.168.7.25	72.21.91.29	0
192.168.7.25	72.21.91.29	0
192.168.7.25	72.21.91.29	0
192.168.7.25	96.16.209.82	0
172.217.9.170	192.168.7.25	328
172.217.9.170	192.168.7.25	1418
172.217.9.170	192.168.7.25	1418
172.217.9.170	192.168.7.25	1418
172.217.9.170	192.168.7.25	1418
104.20.84.19	192.168.7.25	0
172.217.9.170	192.168.7.25	1418
192.168.7.25	172.217.9.170	0
192.168.7.25	172.217.9.170	0
192.168.7.25	172.217.9.170	0
192.168.7.25	172.217.9.170	0
192.168.7.25	172.217.9.170	31
192.168.7.25	172.217.9.170	0
192.168.7.25	172.217.9.170	0
192.168.7.25	72.21.91.29	385
192.168.7.25	96.16.209.82	177
192.168.7.25	96.16.209.82	278
172.217.9.170	192.168.7.25	1418
172.217.9.170	192.168.7.25	1418
172.226.209.65	192.168.7.25	0
192.168.7.25	172.217.9.170	0
192.168.7.25	172.226.209.65	0
192.168.7.25	172.217.9.170	0
172.217.9.170	192.168.7.25	1418
172.217.9.170	192.168.7.25	1418
192.168.7.25	172.217.9.170	0
192.168.7.25	172.226.209.65	517
192.168.7.25	172.217.9.170	0
192.168.7.25	104.20.84.19	93
172.217.9.170	192.168.7.25	1418
172.217.9.170	192.168.7.25	1418
172.217.9.170	192.168.7.25	1418
192.168.7.25	172.217.9.170	0
192.168.7.25	172.217.9.170	0
104.20.84.19	192.168.7.25	0
172.217.9.170	192.168.7.25	1418
192.168.7.25	172.217.9.170	0
172.217.9.170	192.168.7.25	1418
172.217.9.170	192.168.7.25	1418
172.217.9.170	192.168.7.25	1418
172.217.9.170	192.168.7.25	1418
192.168.7.25	172.217.9.170	0
192.168.7.25	172.217.9.170	0
192.168.7.25	172.217.9.170	0
192.168.7.25	172.217.9.170	0
172.217.9.170	192.168.7.25	1418
104.20.84.19	192.168.7.25	1460
104.20.84.19	192.168.7.25	1460
104.20.84.19	192.168.7.25	1460
104.20.84.19	192.168.7.25	1460
104.20.84.19	192.168.7.25	1460
104.20.84.19	192.168.7.25	1460
104.20.84.19	192.168.7.25	1460
104.20.84.19	192.168.7.25	1460
104.20.84.19	192.168.7.25	170
104.20.84.19	192.168.7.25	31
192.168.7.25	104.20.84.19	0
192.168.7.25	104.20.84.19	0
192.168.7.25	104.20.84.19	0
192.168.7.25	104.20.84.19	0
192.168.7.25	104.20.84.19	0
192.168.7.25	104.20.84.19	0
192.168.7.25	104.20.84.19	0
104.20.84.19	192.168.7.25	1460
104.20.84.19	192.168.7.25	1460
104.20.84.19	192.168.7.25	1460
104.20.84.19	192.168.7.25	1460
104.20.84.19	192.168.7.25	1460
104.20.84.19	192.168.7.25	1460
104.20.84.19	192.168.7.25	1460
104.20.84.19	192.168.7.25	1460
192.168.7.25	104.20.84.19	0
104.20.84.19	192.168.7.25	1460
104.20.84.19	192.168.7.25	1460
104.20.84.19	192.168.7.25	1460
104.20.84.19	192.168.7.25	346
104.20.84.19	192.168.7.25	1460
104.20.84.19	192.168.7.25	1460
104.20.84.19	192.168.7.25	1460
104.20.84.19	192.168.7.25	1460
192.168.7.25	104.20.84.19	0
104.20.84.19	192.168.7.25	1460
104.20.84.19	192.168.7.25	1460
104.20.84.19	192.168.7.25	1460
104.20.84.19	192.168.7.25	1460
104.20.84.19	192.168.7.25	1460
104.20.84.19	192.168.7.25	1460
104.20.84.19	192.168.7.25	678
192.168.7.25	104.20.84.19	0
192.168.7.25	104.20.84.19	0
192.168.7.25	104.20.84.19	0
104.20.84.19	192.168.7.25	1460
104.20.84.19	192.168.7.25	1460
104.20.84.19	192.168.7.25	1460
104.20.84.19	192.168.7.25	1460
104.20.84.19	192.168.7.25	1460
104.20.84.19	192.168.7.25	1460
104.20.84.19	192.168.7.25	1460
104.20.84.19	192.168.7.25	1460
104.20.84.19	192.168.7.25	1460
104.20.84.19	192.168.7.25	1460
192.168.7.25	104.20.84.19	0
104.20.84.19	192.168.7.25	1460
104.20.84.19	192.168.7.25	346
104.20.84.19	192.168.7.25	1460
104.20.84.19	192.168.7.25	1460
192.168.7.25	104.20.84.19	0
104.20.84.19	192.168.7.25	1460
104.20.84.19	192.168.7.25	1460
104.20.84.19	192.168.7.25	1460
104.20.84.19	192.168.7.25	1460
104.20.84.19	192.168.7.25	1460
104.20.84.19	192.168.7.25	1460
104.20.84.19	192.168.7.25	1460
104.20.84.19	192.168.7.25	1460
104.20.84.19	192.168.7.25	1460
104.20.84.19	192.168.7.25	1460
104.20.84.19	192.168.7.25	1460
104.20.84.19	192.168.7.25	1460
104.20.84.19	192.168.7.25	1460
192.168.7.25	104.20.84.19	0
104.20.84.19	192.168.7.25	1460
104.20.84.19	192.168.7.25	1327
104.20.84.19	192.168.7.25	1460
104.20.84.19	192.168.7.25	1460
104.20.84.19	192.168.7.25	1460
192.168.7.25	104.20.84.19	0
192.168.7.25	104.20.84.19	0
104.20.84.19	192.168.7.25	1460
104.20.84.19	192.168.7.25	1460
104.20.84.19	192.168.7.25	1460
104.20.84.19	192.168.7.25	1460
104.20.84.19	192.168.7.25	802
104.20.84.19	192.168.7.25	1460
104.20.84.19	192.168.7.25	1460
104.20.84.19	192.168.7.25	1460
104.20.84.19	192.168.7.25	1460
104.20.84.19	192.168.7.25	1460
104.20.84.19	192.168.7.25	1460
104.20.84.19	192.168.7.25	1460
192.168.7.25	104.20.84.19	0
104.20.84.19	192.168.7.25	1460
104.20.84.19	192.168.7.25	1460
104.20.84.19	192.168.7.25	1460
104.20.84.19	192.168.7.25	1460
104.20.84.19	192.168.7.25	346
104.20.84.19	192.168.7.25	1460
104.20.84.19	192.168.7.25	1460
104.20.84.19	192.168.7.25	1460
192.168.7.25	104.20.84.19	0
192.168.7.25	104.20.84.19	0
104.20.84.19	192.168.7.25	1460
104.20.84.19	192.168.7.25	1460
104.20.84.19	192.168.7.25	1460
104.20.84.19	192.168.7.25	1127
104.20.84.19	192.168.7.25	31
104.20.84.19	192.168.7.25	540
104.20.84.19	192.168.7.25	31
192.168.7.25	104.20.84.19	0
192.168.7.25	104.20.84.19	0
192.168.7.25	104.20.84.19	0
192.168.7.25	104.20.84.19	0
192.168.7.25	104.20.84.19	0
104.20.84.19	192.168.7.25	1460
104.20.84.19	192.168.7.25	1460
104.20.84.19	192.168.7.25	1460
104.20.84.19	192.168.7.25	1460
104.20.84.19	192.168.7.25	1460
104.20.84.19	192.168.7.25	1460
104.20.84.19	192.168.7.25	993
104.20.84.19	192.168.7.25	31
104.20.84.19	192.168.7.25	1460
192.168.7.25	104.20.84.19	0
192.168.7.25	104.20.84.19	0
192.168.7.25	104.20.84.19	0
104.20.84.19	192.168.7.25	1460
104.20.84.19	192.168.7.25	1460
104.20.84.19	192.168.7.25	1460
104.20.84.19	192.168.7.25	1460
104.20.84.19	192.168.7.25	1460
104.20.84.19	192.168.7.25	1460
104.20.84.19	192.168.7.25	1460
104.20.84.19	192.168.7.25	1460
104.20.84.19	192.168.7.25	1460
104.20.84.19	192.168.7.25	1460
192.168.7.25	104.20.84.19	0
104.20.84.19	192.168.7.25	346
104.20.84.19	192.168.7.25	1460
104.20.84.19	192.168.7.25	1460
104.20.84.19	192.168.7.25	1460
104.20.84.19	192.168.7.25	1460
192.168.7.25	104.20.84.19	0
104.20.84.19	192.168.7.25	1460
104.20.84.19	192.168.7.25	1460
172.217.9.170	192.168.7.25	1418
172.217.9.170	192.168.7.25	1418
192.168.7.25	172.217.9.170	0
192.168.7.25	172.217.9.170	0
104.20.84.19	192.168.7.25	1460
104.20.84.19	192.168.7.25	881
104.20.84.19	192.168.7.25	31
172.217.9.170	192.168.7.25	1418
172.217.9.170	192.168.7.25	1418
104.20.84.19	192.168.7.25	1460
104.20.84.19	192.168.7.25	1460
104.20.84.19	192.168.7.25	1460
104.20.84.19	192.168.7.25	1460
192.168.7.25	172.217.9.170	0
192.168.7.25	104.20.84.19	0
192.168.7.25	104.20.84.19	0
192.168.7.25	172.217.9.170	0
104.20.84.19	192.168.7.25	1460
104.20.84.19	192.168.7.25	1460
104.20.84.19	192.168.7.25	1460
104.20.84.19	192.168.7.25	1460
104.20.84.19	192.168.7.25	1460
104.20.84.19	192.168.7.25	1460
104.20.84.19	192.168.7.25	1460
104.20.84.19	192.168.7.25	346
104.20.84.19	192.168.7.25	1460
192.168.7.25	104.20.84.19	0
192.168.7.25	104.20.84.19	0
104.20.84.19	192.168.7.25	1460
104.20.84.19	192.168.7.25	1460
104.20.84.19	192.168.7.25	1460
104.20.84.19	192.168.7.25	1460
104.20.84.19	192.168.7.25	1460
104.20.84.19	192.168.7.25	1197
172.217.9.170	192.168.7.25	1418
104.20.84.19	192.168.7.25	31
72.21.91.29	192.168.7.25	788
172.217.9.170	192.168.7.25	956
192.168.7.25	104.20.84.19	0
192.168.7.25	172.217.9.170	0
192.168.7.25	104.20.84.19	0
192.168.7.25	72.21.91.29	0
172.226.209.65	192.168.7.25	0
96.16.209.82	192.168.7.25	0
96.16.209.82	192.168.7.25	77
172.226.209.65	192.168.7.25	1448
172.226.209.65	192.168.7.25	1448
172.226.209.65	192.168.7.25	1200
192.168.7.25	104.20.84.19	0
192.168.7.25	172.226.209.65	0
192.168.7.25	172.226.209.65	0
192.168.7.25	96.16.209.82	0
192.168.7.25	172.217.9.170	39
192.168.7.25	96.16.209.82	38
192.168.7.25	172.226.209.65	0
172.226.209.65	192.168.7.25	66
192.168.7.25	172.226.209.65	0
192.168.7.25	172.226.209.65	126
192.168.7.25	96.16.209.82	194
192.168.7.25	172.226.209.65	177
192.168.7.25	172.226.209.65	408
192.168.7.25	96.16.209.82	159
192.168.7.25	151.101.128.217	0
96.16.209.82	192.168.7.25	1053
96.16.209.82	192.168.7.25	1053
192.168.7.25	96.16.209.82	0
192.168.7.25	96.16.209.82	0
96.16.209.82	192.168.7.25	1053
96.16.209.82	192.168.7.25	1448
96.16.209.82	192.168.7.25	658
96.16.209.82	192.168.7.25	1053
96.16.209.82	192.168.7.25	1448
192.168.7.25	96.16.209.82	0
192.168.7.25	96.16.209.82	0
192.168.7.25	96.16.209.82	0
96.16.209.82	192.168.7.25	1448
96.16.209.82	192.168.7.25	1448
96.16.209.82	192.168.7.25	921
96.16.209.82	192.168.7.25	1448
192.168.7.25	96.16.209.82	0
192.168.7.25	96.16.209.82	0
192.168.7.25	96.16.209.82	0
192.168.7.25	96.16.209.82	0
192.168.7.25	96.16.209.82	0
96.16.209.82	192.168.7.25	1448
96.16.209.82	192.168.7.25	1316
96.16.209.82	192.168.7.25	1448
96.16.209.82	192.168.7.25	1448
192.168.7.25	96.16.209.82	0
192.168.7.25	96.16.209.82	0
192.168.7.25	96.16.209.82	0
34.212.195.53	192.168.7.25	0
104.20.84.19	192.168.7.25	703
104.20.84.19	192.168.7.25	31
192.168.7.25	104.20.84.19	0
192.168.7.25	104.20.84.19	0
34.212.195.53	192.168.7.25	144
192.168.7.25	34.212.195.53	0
96.16.209.82	192.168.7.25	1448
192.168.7.25	96.16.209.82	0
172.226.209.65	192.168.7.25	274
104.20.84.19	192.168.7.25	1460
192.168.7.25	172.226.209.65	0
104.20.84.19	192.168.7.25	1460
104.20.84.19	192.168.7.25	1460
104.20.84.19	192.168.7.25	1460
104.20.84.19	192.168.7.25	1460
104.20.84.19	192.168.7.25	1460
104.20.84.19	192.168.7.25	1460
104.20.84.19	192.168.7.25	1460
104.20.84.19	192.168.7.25	1460
192.168.7.25	104.20.84.19	0
104.20.84.19	192.168.7.25	1460
104.20.84.19	192.168.7.25	1460
104.20.84.19	192.168.7.25	346
104.20.84.19	192.168.7.25	1460
104.20.84.19	192.168.7.25	1460
192.168.7.25	104.20.84.19	0
104.20.84.19	192.168.7.25	1460
104.20.84.19	192.168.7.25	1460
104.20.84.19	192.168.7.25	1460
104.20.84.19	192.168.7.25	1460
104.20.84.19	192.168.7.25	1460
104.20.84.19	192.168.7.25	1460
104.20.84.19	192.168.7.25	1460
104.20.84.19	192.168.7.25	1460
104.20.84.19	192.168.7.25	1276
104.20.84.19	192.168.7.25	1460
192.168.7.25	104.20.84.19	0
192.168.7.25	104.20.84.19	0
104.20.84.19	192.168.7.25	1460
104.20.84.19	192.168.7.25	1460
104.20.84.19	192.168.7.25	1460
104.20.84.19	192.168.7.25	1460
104.20.84.19	192.168.7.25	1460
104.20.84.19	192.168.7.25	1460
104.20.84.19	192.168.7.25	1460
104.20.84.19	192.168.7.25	1460
172.226.209.65	192.168.7.25	77
104.20.84.19	192.168.7.25	1460
104.20.84.19	192.168.7.25	1460
192.168.7.25	172.226.209.65	0
192.168.7.25	104.20.84.19	0
192.168.7.25	172.226.209.65	38
104.20.84.19	192.168.7.25	346
104.20.84.19	192.168.7.25	1460
104.20.84.19	192.168.7.25	1460
104.20.84.19	192.168.7.25	1460
104.20.84.19	192.168.7.25	1460
104.20.84.19	192.168.7.25	1460
104.20.84.19	192.168.7.25	1460
192.168.7.25	104.20.84.19	0
104.20.84.19	192.168.7.25	1460
104.20.84.19	192.168.7.25	1460
104.20.84.19	192.168.7.25	1460
104.20.84.19	192.168.7.25	1460
104.20.84.19	192.168.7.25	1460
104.20.84.19	192.168.7.25	1460
104.20.84.19	192.168.7.25	1460
104.20.84.19	192.168.7.25	1460
192.168.7.25	104.20.84.19	0
104.20.84.19	192.168.7.25	1460
104.20.84.19	192.168.7.25	1460
104.20.84.19	192.168.7.25	1460
104.20.84.19	192.168.7.25	1460
104.20.84.19	192.168.7.25	1460
192.168.7.25	104.20.84.19	0
104.20.84.19	192.168.7.25	1460
104.20.84.19	192.168.7.25	1460
104.20.84.19	192.168.7.25	1460
104.20.84.19	192.168.7.25	1460
104.20.84.19	192.168.7.25	1460
104.20.84.19	192.168.7.25	1460
104.20.84.19	192.168.7.25	1460
104.20.84.19	192.168.7.25	1460
104.20.84.19	192.168.7.25	1460
192.168.7.25	104.20.84.19	0
104.20.84.19	192.168.7.25	1460
104.20.84.19	192.168.7.25	1460
104.20.84.19	192.168.7.25	1460
104.20.84.19	192.168.7.25	1460
172.226.209.65	192.168.7.25	1053
172.226.209.65	192.168.7.25	1053
104.20.84.19	192.168.7.25	1460
104.20.84.19	192.168.7.25	1096
192.168.7.25	172.226.209.65	0
192.168.7.25	172.226.209.65	0
192.168.7.25	104.20.84.19	0
192.168.7.25	104.20.84.19	0
192.168.7.25	104.20.84.19	0
172.226.209.65	192.168.7.25	1448
172.226.209.65	192.168.7.25	658
172.226.209.65	192.168.7.25	1448
172.226.209.65	192.168.7.25	1448
172.226.209.65	192.168.7.25	1316
172.226.209.65	192.168.7.25	1448
172.226.209.65	192.168.7.25	1448
192.168.7.25	172.226.209.65	0
192.168.7.25	172.226.209.65	0
192.168.7.25	172.226.209.65	0
192.168.7.25	172.226.209.65	0
192.168.7.25	172.226.209.65	0
192.168.7.25	172.226.209.65	0
192.168.7.25	172.226.209.65	0
172.226.209.65	192.168.7.25	1448
172.226.209.65	192.168.7.25	1448
172.226.209.65	192.168.7.25	1448
172.226.209.65	192.168.7.25	1448
172.226.209.65	192.168.7.25	1448
104.20.84.19	192.168.7.25	1460
104.20.84.19	192.168.7.25	1460
104.20.84.19	192.168.7.25	1460
192.168.7.25	172.226.209.65	0
192.168.7.25	172.226.209.65	0
192.168.7.25	172.226.209.65	0
192.168.7.25	172.226.209.65	0
104.20.84.19	192.168.7.25	1460
104.20.84.19	192.168.7.25	1460
104.20.84.19	192.168.7.25	1460
104.20.84.19	192.168.7.25	1460
104.20.84.19	192.168.7.25	1460
104.20.84.19	192.168.7.25	1460
192.168.7.25	104.20.84.19	0
104.20.84.19	192.168.7.25	1460
104.20.84.19	192.168.7.25	1460
104.20.84.19	192.168.7.25	1460
104.20.84.19	192.168.7.25	1460
104.20.84.19	192.168.7.25	1359
96.16.209.82	192.168.7.25	77
96.16.209.82	192.168.7.25	1448
192.168.7.25	104.20.84.19	0
192.168.7.25	96.16.209.82	0
192.168.7.25	104.20.84.19	0
192.168.7.25	104.20.84.19	0
192.168.7.25	96.16.209.82	31
192.168.7.25	96.16.209.82	0
96.16.209.82	192.168.7.25	1448
96.16.209.82	192.168.7.25	1448
96.16.209.82	192.168.7.25	1448
96.16.209.82	192.168.7.25	1448
96.16.209.82	192.168.7.25	1448
96.16.209.82	192.168.7.25	1448
96.16.209.82	192.168.7.25	1448
192.168.7.25	96.16.209.82	0
192.168.7.25	96.16.209.82	0
192.168.7.25	96.16.209.82	0
192.168.7.25	96.16.209.82	0
192.168.7.25	96.16.209.82	0
192.168.7.25	96.16.209.82	0
192.168.7.25	96.16.209.82	0
96.16.209.82	192.168.7.25	1448
96.16.209.82	192.168.7.25	1448
96.16.209.82	192.168.7.25	1448
96.16.209.82	192.168.7.25	986
151.101.128.217	192.168.7.25	0
192.168.7.25	151.101.128.217	0
192.168.7.25	96.16.209.82	0
192.168.7.25	96.16.209.82	0
192.168.7.25	96.16.209.82	0
192.168.7.25	151.101.128.217	517
52.26.8.178	192.168.7.25	393
192.168.7.25	52.26.8.178	0
96.16.209.82	192.168.7.25	1053
96.16.209.82	192.168.7.25	1053
96.16.209.82	192.168.7.25	1448
96.16.209.82	192.168.7.25	658
96.16.209.82	192.168.7.25	1448
192.168.7.25	96.16.209.82	0
192.168.7.25	96.16.209.82	0
192.168.7.25	96.16.209.82	0
96.16.209.82	192.168.7.25	1448
96.16.209.82	192.168.7.25	263
96.16.209.82	192.168.7.25	1448
96.16.209.82	192.168.7.25	1448
96.16.209.82	192.168.7.25	1448
96.16.209.82	192.168.7.25	1448
96.16.209.82	192.168.7.25	1448
96.16.209.82	192.168.7.25	1448
96.16.209.82	192.168.7.25	1448
96.16.209.82	192.168.7.25	1448
96.16.209.82	192.168.7.25	1052
192.168.7.25	96.16.209.82	0
192.168.7.25	96.16.209.82	0
192.168.7.25	96.16.209.82	0
192.168.7.25	96.16.209.82	0
192.168.7.25	96.16.209.82	0
192.168.7.25	96.16.209.82	0
192.168.7.25	96.16.209.82	0
192.168.7.25	96.16.209.82	0
192.168.7.25	96.16.209.82	0
192.168.7.25	96.16.209.82	0
192.168.7.25	96.16.209.82	0
192.168.7.25	96.16.209.82	0
192.168.7.25	96.16.209.82	137
96.16.209.82	192.168.7.25	1448
96.16.209.82	192.168.7.25	1448
96.16.209.82	192.168.7.25	1316
96.16.209.82	192.168.7.25	1410
192.168.7.25	96.16.209.82	0
192.168.7.25	96.16.209.82	0
192.168.7.25	96.16.209.82	0
192.168.7.25	96.16.209.82	0
172.226.209.65	192.168.7.25	1448
172.226.209.65	192.168.7.25	1448
172.226.209.65	192.168.7.25	1448
192.168.7.25	172.226.209.65	0
192.168.7.25	172.226.209.65	0
192.168.7.25	172.217.9.170	39
172.226.209.65	192.168.7.25	1448
172.226.209.65	192.168.7.25	1448
172.226.209.65	192.168.7.25	1448
172.226.209.65	192.168.7.25	1448
172.226.209.65	192.168.7.25	1448
172.226.209.65	192.168.7.25	1448
172.226.209.65	192.168.7.25	1448
192.168.7.25	172.226.209.65	0
192.168.7.25	172.226.209.65	0
192.168.7.25	172.226.209.65	0
192.168.7.25	172.226.209.65	0
192.168.7.25	172.226.209.65	0
192.168.7.25	172.226.209.65	0
172.226.209.65	192.168.7.25	1448
172.226.209.65	192.168.7.25	1448
172.226.209.65	192.168.7.25	1448
172.226.209.65	192.168.7.25	1448
172.226.209.65	192.168.7.25	527
151.101.128.217	192.168.7.25	0
192.168.7.25	172.226.209.65	0
192.168.7.25	172.226.209.65	0
192.168.7.25	172.226.209.65	0
192.168.7.25	172.226.209.65	0
192.168.7.25	172.226.209.65	0
96.16.209.82	192.168.7.25	1448
96.16.209.82	192.168.7.25	1448
96.16.209.82	192.168.7.25	1448
96.16.209.82	192.168.7.25	31
192.168.7.25	96.16.209.82	0
192.168.7.25	96.16.209.82	0
192.168.7.25	96.16.209.82	0
96.16.209.82	192.168.7.25	0
151.101.128.217	192.168.7.25	1428
96.16.209.82	192.168.7.25	1448
151.101.128.217	192.168.7.25	1428
96.16.209.82	192.168.7.25	1448
192.168.7.25	151.101.128.217	0
192.168.7.25	96.16.209.82	0
96.16.209.82	192.168.7.25	1448
96.16.209.82	192.168.7.25	1448
192.168.7.25	96.16.209.82	0
192.168.7.25	96.16.209.82	0
96.16.209.82	192.168.7.25	1406
151.101.128.217	192.168.7.25	918
96.16.209.82	192.168.7.25	0
172.217.9.170	192.168.7.25	0
192.168.7.25	151.101.128.217	0
192.168.7.25	96.16.209.82	0
192.168.7.25	151.101.128.217	93
192.168.7.25	151.101.128.217	448
35.165.44.141	192.168.7.25	31
192.168.7.25	96.16.209.82	137
172.217.9.170	192.168.7.25	0
151.101.128.217	192.168.7.25	0
151.101.128.217	192.168.7.25	258
96.16.209.82	192.168.7.25	521
192.168.7.25	151.101.128.217	0
192.168.7.25	96.16.209.82	0
192.168.7.25	96.16.209.82	42
96.16.209.82	192.168.7.25	521
192.168.7.25	96.16.209.82	0
96.16.209.82	192.168.7.25	0
151.101.128.217	192.168.7.25	1218
192.168.7.25	151.101.128.217	0
96.16.209.82	192.168.7.25	0
192.168.7.25	172.217.9.168	0
172.217.9.168	192.168.7.25	0
192.168.7.25	172.217.9.168	0
192.168.7.25	172.217.9.168	517
151.101.186.109	192.168.7.25	1428
172.217.9.168	192.168.7.25	0
172.217.9.168	192.168.7.25	1418
172.217.9.168	192.168.7.25	1418
192.168.7.25	172.217.9.168	0
172.217.9.168	192.168.7.25	201
192.168.7.25	172.217.9.168	0
192.168.7.25	216.58.194.99	389
151.101.186.109	192.168.7.25	1428
216.58.194.99	192.168.7.25	701
192.168.7.25	216.58.194.99	0
192.168.7.25	172.217.9.168	64
192.168.7.25	172.217.9.168	170
192.168.7.25	172.217.9.168	216
34.242.245.114	192.168.7.25	0
172.217.9.168	192.168.7.25	564
172.217.9.168	192.168.7.25	31
192.168.7.25	172.217.9.168	0
192.168.7.25	172.217.9.168	0
192.168.7.25	172.217.9.168	31
172.217.9.168	192.168.7.25	336
192.168.7.25	172.217.9.168	0
172.217.9.168	192.168.7.25	1418
172.217.9.168	192.168.7.25	1418
172.217.9.168	192.168.7.25	1418
172.217.9.168	192.168.7.25	1418
192.168.7.25	172.217.9.168	0
192.168.7.25	172.217.9.168	0
192.168.7.25	172.217.9.168	0
192.168.7.25	172.217.9.168	0
172.217.9.168	192.168.7.25	1418
172.217.9.168	192.168.7.25	1418
172.217.9.168	192.168.7.25	1418
192.168.7.25	172.217.9.168	0
192.168.7.25	172.217.9.168	0
172.217.9.168	192.168.7.25	1418
172.217.9.168	192.168.7.25	1418
192.168.7.25	172.217.9.168	0
192.168.7.25	172.217.9.168	0
172.217.9.168	192.168.7.25	1418
172.217.9.168	192.168.7.25	1418
192.168.7.25	172.217.9.168	0
192.168.7.25	172.217.9.168	0
172.217.9.168	192.168.7.25	1418
172.217.9.168	192.168.7.25	1418
172.217.9.168	192.168.7.25	1418
192.168.7.25	172.217.9.168	0
192.168.7.25	172.217.9.168	0
172.217.9.168	192.168.7.25	1418
172.217.9.168	192.168.7.25	1418
192.168.7.25	172.217.9.168	0
192.168.7.25	172.217.9.168	0
172.217.9.168	192.168.7.25	1418
172.217.9.168	192.168.7.25	1418
192.168.7.25	172.217.9.168	0
192.168.7.25	172.217.9.168	0
172.217.9.168	192.168.7.25	1418
172.217.9.168	192.168.7.25	547
192.168.7.25	172.217.9.168	0
192.168.7.25	172.217.9.168	39
192.168.7.25	172.217.1.142	0
172.217.1.142	192.168.7.25	0
192.168.7.25	172.217.1.142	0
192.168.7.25	172.217.1.142	517
172.217.9.168	192.168.7.25	0
172.217.1.142	192.168.7.25	0
172.217.1.142	192.168.7.25	1418
172.217.1.142	192.168.7.25	1418
172.217.1.142	192.168.7.25	672
192.168.7.25	172.217.1.142	0
192.168.7.25	172.217.1.142	0
192.168.7.25	216.58.194.99	389
96.16.209.82	192.168.7.25	31
216.58.194.99	192.168.7.25	701
192.168.7.25	216.58.194.99	0
192.168.7.25	172.217.1.142	64
192.168.7.25	172.217.1.142	170
192.168.7.25	172.217.1.142	224
192.168.7.25	151.101.50.109	0
172.217.1.142	192.168.7.25	564
192.168.7.25	172.217.1.142	0
192.168.7.25	172.217.1.142	31
172.217.1.142	192.168.7.25	0
172.217.1.142	192.168.7.25	31
192.168.7.25	172.217.1.142	0
192.168.7.25	172.217.12.46	0
151.101.50.109	192.168.7.25	0
192.168.7.25	151.101.50.109	0
192.168.7.25	151.101.50.109	517
192.168.7.25	216.239.32.21	0
172.217.1.142	192.168.7.25	0
172.217.1.142	192.168.7.25	573
172.217.1.142	192.168.7.25	1418
172.217.1.142	192.168.7.25	1418
172.217.1.142	192.168.7.25	742
192.168.7.25	172.217.1.142	0
192.168.7.25	172.217.1.142	0
192.168.7.25	172.217.1.142	0
172.217.1.142	192.168.7.25	31
172.217.1.142	192.168.7.25	39
192.168.7.25	172.217.1.142	0
192.168.7.25	172.217.1.142	0
192.168.7.25	172.217.1.142	0
192.168.7.25	172.217.1.142	39
216.239.32.21	192.168.7.25	0
192.168.7.25	216.239.32.21	0
172.217.12.46	192.168.7.25	0
151.101.50.109	192.168.7.25	0
192.168.7.25	172.217.12.46	0
192.168.7.25	216.239.32.21	517
192.168.7.25	172.217.12.46	517
192.168.7.25	172.217.9.132	0
192.168.7.25	172.217.9.132	0
192.168.7.25	172.217.9.132	0
151.101.50.109	192.168.7.25	1428
151.101.50.109	192.168.7.25	1428
151.101.50.109	192.168.7.25	1428
151.101.50.109	192.168.7.25	1428
192.168.7.25	151.101.50.109	0
192.168.7.25	151.101.50.109	0
192.168.7.25	151.101.50.109	0
151.101.50.109	192.168.7.25	1071
192.168.7.25	151.101.50.109	0
192.168.7.25	151.101.50.109	93
192.168.7.25	151.101.50.109	177
192.168.7.25	151.101.50.109	355
172.217.1.142	192.168.7.25	0
216.239.32.21	192.168.7.25	0
172.217.12.46	192.168.7.25	0
172.217.9.132	192.168.7.25	0
172.217.9.132	192.168.7.25	0
192.168.7.25	172.217.9.132	0
192.168.7.25	172.217.9.132	0
172.217.9.132	192.168.7.25	0
192.168.7.25	172.217.9.132	0
151.101.50.109	192.168.7.25	0
151.101.50.109	192.168.7.25	258
151.101.50.109	192.168.7.25	66
192.168.7.25	151.101.50.109	0
192.168.7.25	151.101.50.109	0
192.168.7.25	172.217.9.132	517
151.101.50.109	192.168.7.25	438
151.101.50.109	192.168.7.25	1428
192.168.7.25	151.101.50.109	0
151.101.50.109	192.168.7.25	1360
151.101.50.109	192.168.7.25	1428
151.101.50.109	192.168.7.25	1360
151.101.50.109	192.168.7.25	1428
192.168.7.25	151.101.50.109	0
192.168.7.25	151.101.50.109	0
192.168.7.25	172.217.9.132	517
192.168.7.25	151.101.50.109	38
192.168.7.25	151.101.50.109	0
192.168.7.25	151.101.50.109	0
151.101.50.109	192.168.7.25	1360
151.101.50.109	192.168.7.25	1428
216.239.32.21	192.168.7.25	1418
216.239.32.21	192.168.7.25	1418
192.168.7.25	216.239.32.21	0
192.168.7.25	151.101.50.109	0
192.168.7.25	172.217.9.132	517
216.239.32.21	192.168.7.25	1418
216.239.32.21	192.168.7.25	1418
216.239.32.21	192.168.7.25	169
172.217.12.46	192.168.7.25	1418
192.168.7.25	216.239.32.21	0
192.168.7.25	216.239.32.21	0
172.217.12.46	192.168.7.25	1418
172.217.12.46	192.168.7.25	201
192.168.7.25	172.217.12.46	0
192.168.7.25	172.217.12.46	0
192.168.7.25	216.239.32.21	0
192.168.7.25	216.239.32.21	93
192.168.7.25	172.217.12.46	64
192.168.7.25	172.217.12.46	170
192.168.7.25	172.217.12.46	209
192.168.7.25	151.139.128.14	0
172.217.9.132	192.168.7.25	0
172.217.9.132	192.168.7.25	0
172.217.9.132	192.168.7.25	0
172.217.9.132	192.168.7.25	0
151.101.50.109	192.168.7.25	1428
151.101.50.109	192.168.7.25	1428
151.101.50.109	192.168.7.25	1428
192.168.7.25	151.101.50.109	0
192.168.7.25	151.101.50.109	0
151.101.50.109	192.168.7.25	1428
151.101.50.109	192.168.7.25	1428
151.101.50.109	192.168.7.25	1428
151.101.50.109	192.168.7.25	1428
151.101.50.109	192.168.7.25	1428
151.101.50.109	192.168.7.25	1428
151.101.50.109	192.168.7.25	1428
151.101.50.109	192.168.7.25	1428
151.101.50.109	192.168.7.25	1428
151.101.50.109	192.168.7.25	1428
151.101.50.109	192.168.7.25	1428
151.101.50.109	192.168.7.25	1428
151.101.50.109	192.168.7.25	1428
151.101.50.109	192.168.7.25	1428
151.101.50.109	192.168.7.25	1428
172.217.9.132	192.168.7.25	1418
172.217.9.132	192.168.7.25	984
192.168.7.25	151.101.50.109	0
192.168.7.25	151.101.50.109	0
192.168.7.25	151.101.50.109	0
192.168.7.25	151.101.50.109	0
192.168.7.25	151.101.50.109	0
192.168.7.25	151.101.50.109	0
192.168.7.25	151.101.50.109	0
192.168.7.25	172.217.9.132	0
172.217.9.132	192.168.7.25	1418
172.217.9.132	192.168.7.25	984
172.217.9.132	192.168.7.25	1418
172.217.9.132	192.168.7.25	983
172.217.12.46	192.168.7.25	564
192.168.7.25	172.217.9.132	0
192.168.7.25	172.217.9.132	0
192.168.7.25	172.217.12.46	0
192.168.7.25	151.101.50.109	0
192.168.7.25	151.101.50.109	0
192.168.7.25	151.101.50.109	0
192.168.7.25	151.101.50.109	0
192.168.7.25	151.101.50.109	0
192.168.7.25	172.217.12.46	31
216.239.32.21	192.168.7.25	51
216.239.32.21	192.168.7.25	69
151.139.128.14	192.168.7.25	0
192.168.7.25	216.239.32.21	0
192.168.7.25	216.239.32.21	0
192.168.7.25	151.139.128.14	0
172.217.12.46	192.168.7.25	0
172.217.12.46	192.168.7.25	283
172.217.12.46	192.168.7.25	1418
172.217.12.46	192.168.7.25	1418
172.217.12.46	192.168.7.25	1418
172.217.12.46	192.168.7.25	1418
192.168.7.25	172.217.12.46	0
192.168.7.25	172.217.12.46	0
192.168.7.25	172.217.12.46	0
172.217.12.46	192.168.7.25	1418
192.168.7.25	172.217.12.46	0
172.217.12.46	192.168.7.25	1418
172.217.12.46	192.168.7.25	1418
192.168.7.25	172.217.12.46	0
192.168.7.25	216.58.194.99	389
172.217.12.46	192.168.7.25	1418
172.217.12.46	192.168.7.25	1418
172.217.12.46	192.168.7.25	1418
172.217.12.46	192.168.7.25	1418
192.168.7.25	172.217.12.46	0
192.168.7.25	172.217.12.46	0
192.168.7.25	172.217.12.46	0
192.168.7.25	172.217.12.46	0
192.168.7.25	172.217.12.46	0
192.168.7.25	172.217.12.46	0
192.168.7.25	172.217.12.46	0
192.168.7.25	151.139.128.14	386
172.217.12.46	192.168.7.25	1418
172.217.12.46	192.168.7.25	1051
192.168.7.25	172.217.12.46	0
192.168.7.25	216.58.194.99	0
192.168.7.25	216.58.194.99	0
192.168.7.25	172.217.12.46	39
192.168.7.25	172.217.12.46	76
151.101.50.109	192.168.7.25	1428
151.101.50.109	192.168.7.25	1428
151.101.50.109	192.168.7.25	1428
151.101.50.109	192.168.7.25	1428
151.101.50.109	192.168.7.25	1428
151.101.50.109	192.168.7.25	1428
151.101.50.109	192.168.7.25	1428
151.101.50.109	192.168.7.25	1428
151.101.50.109	192.168.7.25	1428
151.101.50.109	192.168.7.25	1428
151.101.50.109	192.168.7.25	1428
151.101.50.109	192.168.7.25	1428
192.168.7.25	151.101.50.109	0
192.168.7.25	151.101.50.109	0
192.168.7.25	151.101.50.109	0
192.168.7.25	151.101.50.109	0
192.168.7.25	151.101.50.109	0
192.168.7.25	151.101.50.109	0
192.168.7.25	151.101.50.109	0
192.168.7.25	151.101.50.109	0
192.168.7.25	151.101.50.109	0
192.168.7.25	151.101.50.109	0
151.101.50.109	192.168.7.25	1428
151.101.50.109	192.168.7.25	1428
151.101.50.109	192.168.7.25	1428
151.101.50.109	192.168.7.25	1428
151.101.50.109	192.168.7.25	1428
192.168.7.25	151.101.50.109	0
192.168.7.25	151.101.50.109	0
151.101.50.109	192.168.7.25	1428
192.168.7.25	151.101.50.109	0
151.101.50.109	192.168.7.25	1428
151.101.50.109	192.168.7.25	1428
151.101.50.109	192.168.7.25	1428
192.168.7.25	151.101.50.109	0
151.101.50.109	192.168.7.25	1428
151.101.50.109	192.168.7.25	1428
151.101.50.109	192.168.7.25	1428
151.101.50.109	192.168.7.25	1428
151.101.50.109	192.168.7.25	1428
151.101.50.109	192.168.7.25	1428
192.168.7.25	151.101.50.109	0
192.168.7.25	151.101.50.109	0
192.168.7.25	151.101.50.109	0
192.168.7.25	151.101.50.109	0
192.168.7.25	151.101.50.109	0
192.168.7.25	151.101.50.109	0
192.168.7.25	151.101.50.109	0
151.101.50.109	192.168.7.25	1428
151.101.50.109	192.168.7.25	1428
151.101.50.109	192.168.7.25	1428
151.101.50.109	192.168.7.25	1428
151.101.50.109	192.168.7.25	1428
192.168.7.25	151.101.50.109	0
192.168.7.25	151.101.50.109	0
192.168.7.25	151.101.50.109	0
151.101.50.109	192.168.7.25	1428
151.101.50.109	192.168.7.25	72
151.139.128.14	192.168.7.25	0
151.101.50.109	192.168.7.25	1428
151.101.50.109	192.168.7.25	1428
151.101.50.109	192.168.7.25	1428
192.168.7.25	151.101.50.109	0
192.168.7.25	151.101.50.109	0
192.168.7.25	151.101.50.109	0
172.217.12.46	192.168.7.25	0
216.58.194.99	192.168.7.25	0
151.139.128.14	192.168.7.25	918
172.217.12.46	192.168.7.25	0
192.168.7.25	216.58.194.99	0
192.168.7.25	151.139.128.14	0
192.168.7.25	216.58.194.99	389
192.168.7.25	216.239.32.21	177
192.168.7.25	216.239.32.21	204
192.168.7.25	216.239.32.21	38
172.217.12.46	192.168.7.25	0
216.58.194.99	192.168.7.25	0
172.217.12.46	192.168.7.25	167
172.217.12.46	192.168.7.25	887
172.217.12.46	192.168.7.25	39
192.168.7.25	172.217.12.46	0
192.168.7.25	172.217.12.46	0
192.168.7.25	172.217.12.46	0
192.168.7.25	216.58.194.99	0
192.168.7.25	172.217.12.46	39
192.168.7.25	216.58.194.99	389
216.58.194.99	192.168.7.25	701
192.168.7.25	216.58.194.99	0
192.168.7.25	172.217.9.132	64
192.168.7.25	172.217.9.132	170
192.168.7.25	172.217.9.132	394
151.101.50.109	192.168.7.25	1428
151.101.50.109	192.168.7.25	1428
151.101.50.109	192.168.7.25	1428
151.101.50.109	192.168.7.25	1428
192.168.7.25	151.101.50.109	0
192.168.7.25	151.101.50.109	0
192.168.7.25	151.101.50.109	0
192.168.7.25	172.217.12.46	331
192.168.7.25	172.217.12.46	317
151.101.50.109	192.168.7.25	1428
151.101.50.109	192.168.7.25	1428
151.101.50.109	192.168.7.25	1428
151.101.50.109	192.168.7.25	1428
151.101.50.109	192.168.7.25	1428
192.168.7.25	151.101.50.109	0
192.168.7.25	151.101.50.109	0
192.168.7.25	151.101.50.109	0
151.101.50.109	192.168.7.25	1428
151.101.50.109	192.168.7.25	1428
151.101.50.109	192.168.7.25	1428
151.101.50.109	192.168.7.25	1428
151.101.50.109	192.168.7.25	1428
192.168.7.25	151.101.50.109	0
192.168.7.25	151.101.50.109	0
192.168.7.25	151.101.50.109	0
151.101.50.109	192.168.7.25	1428
151.101.50.109	192.168.7.25	1428
151.101.50.109	192.168.7.25	1428
151.101.50.109	192.168.7.25	1428
151.101.50.109	192.168.7.25	1428
192.168.7.25	151.101.50.109	0
192.168.7.25	151.101.50.109	0
192.168.7.25	151.101.50.109	0
151.101.50.109	192.168.7.25	1428
151.101.50.109	192.168.7.25	1428
151.101.50.109	192.168.7.25	1428
151.101.50.109	192.168.7.25	1428
151.101.50.109	192.168.7.25	1428
151.101.50.109	192.168.7.25	1428
151.101.50.109	192.168.7.25	1428
192.168.7.25	151.101.50.109	0
192.168.7.25	151.101.50.109	0
192.168.7.25	151.101.50.109	0
192.168.7.25	151.101.50.109	0
151.101.50.109	192.168.7.25	1428
151.101.50.109	192.168.7.25	1428
151.101.50.109	192.168.7.25	1428
151.101.50.109	192.168.7.25	1428
151.101.50.109	192.168.7.25	1428
192.168.7.25	151.101.50.109	0
192.168.7.25	151.101.50.109	0
192.168.7.25	151.101.50.109	0
151.101.50.109	192.168.7.25	1428
151.101.50.109	192.168.7.25	1428
151.101.50.109	192.168.7.25	1428
151.101.50.109	192.168.7.25	1428
151.101.50.109	192.168.7.25	1428
151.101.50.109	192.168.7.25	1428
151.101.50.109	192.168.7.25	1428
216.239.32.21	192.168.7.25	0
192.168.7.25	151.101.50.109	0
192.168.7.25	151.101.50.109	0
192.168.7.25	151.101.50.109	0
192.168.7.25	151.101.50.109	0
216.58.194.99	192.168.7.25	0
172.217.9.132	192.168.7.25	0
216.58.194.99	192.168.7.25	0
172.217.9.132	192.168.7.25	564
192.168.7.25	172.217.9.132	0
192.168.7.25	172.217.9.132	31
172.217.9.132	192.168.7.25	263
216.239.32.21	192.168.7.25	38
172.217.9.132	192.168.7.25	1418
192.168.7.25	216.239.32.21	0
192.168.7.25	172.217.9.132	0
192.168.7.25	172.217.9.132	0
172.217.9.132	192.168.7.25	1418
172.217.9.132	192.168.7.25	44
172.217.9.132	192.168.7.25	39
192.168.7.25	172.217.9.132	0
192.168.7.25	172.217.9.132	0
192.168.7.25	172.217.9.132	39
151.101.50.109	192.168.7.25	1428
151.101.50.109	192.168.7.25	1428
151.101.50.109	192.168.7.25	1428
151.101.50.109	192.168.7.25	1428
172.217.12.46	192.168.7.25	0
192.168.7.25	151.101.50.109	0
192.168.7.25	151.101.50.109	0
192.168.7.25	151.101.50.109	0
216.58.194.99	192.168.7.25	701
216.239.32.21	192.168.7.25	255
192.168.7.25	216.239.32.21	0
192.168.7.25	216.58.194.99	0
192.168.7.25	172.217.9.132	64
192.168.7.25	172.217.9.132	187
216.239.32.21	192.168.7.25	1418
216.239.32.21	192.168.7.25	12
216.239.32.21	192.168.7.25	1418
216.239.32.21	192.168.7.25	1344
192.168.7.25	216.239.32.21	0
192.168.7.25	216.239.32.21	0
192.168.7.25	172.217.9.132	98
192.168.7.25	216.239.32.21	0
216.239.32.21	192.168.7.25	1418
216.239.32.21	192.168.7.25	12
192.168.7.25	216.239.32.21	0
216.58.194.99	192.168.7.25	701
216.239.32.21	192.168.7.25	1418
216.239.32.21	192.168.7.25	1418
192.168.7.25	216.239.32.21	0
192.168.7.25	216.58.194.99	0
192.168.7.25	216.239.32.21	0
192.168.7.25	172.217.9.132	64
192.168.7.25	172.217.9.132	187
192.168.7.25	172.217.9.132	115
216.239.32.21	192.168.7.25	1418
216.239.32.21	192.168.7.25	1418
192.168.7.25	216.239.32.21	0
192.168.7.25	216.239.32.21	0
151.101.50.109	192.168.7.25	1428
172.217.12.46	192.168.7.25	0
172.217.12.46	192.168.7.25	0
216.239.32.21	192.168.7.25	1418
151.101.50.109	192.168.7.25	1428
192.168.7.25	151.101.50.109	0
192.168.7.25	151.101.50.109	0
151.101.50.109	192.168.7.25	1428
151.101.50.109	192.168.7.25	1428
151.101.50.109	192.168.7.25	1428
216.239.32.21	192.168.7.25	1418
192.168.7.25	216.239.32.21	0
192.168.7.25	151.101.50.109	0
192.168.7.25	151.101.50.109	0
151.101.50.109	192.168.7.25	1428
216.239.32.21	192.168.7.25	1418
151.101.50.109	192.168.7.25	1428
151.101.50.109	192.168.7.25	1428
192.168.7.25	151.101.50.109	0
192.168.7.25	151.101.50.109	0
192.168.7.25	216.239.32.21	0
151.101.50.109	192.168.7.25	1428
151.101.50.109	192.168.7.25	1428
151.101.50.109	192.168.7.25	1428
216.239.32.21	192.168.7.25	1418
192.168.7.25	151.101.50.109	0
192.168.7.25	151.101.50.109	0
151.101.50.109	192.168.7.25	1428
151.101.50.109	192.168.7.25	1428
151.101.50.109	192.168.7.25	1428
216.239.32.21	192.168.7.25	1418
192.168.7.25	216.239.32.21	0
192.168.7.25	151.101.50.109	0
192.168.7.25	151.101.50.109	0
151.101.50.109	192.168.7.25	1428
151.101.50.109	192.168.7.25	1428
192.168.7.25	151.101.50.109	0
151.101.50.109	192.168.7.25	1428
151.101.50.109	192.168.7.25	1428
151.101.50.109	192.168.7.25	1428
151.101.50.109	192.168.7.25	1428
192.168.7.25	151.101.50.109	0
192.168.7.25	151.101.50.109	0
192.168.7.25	151.101.50.109	0
151.101.50.109	192.168.7.25	1428
151.101.50.109	192.168.7.25	1428
151.101.50.109	192.168.7.25	1428
151.101.50.109	192.168.7.25	1428
151.101.50.109	192.168.7.25	1428
151.101.50.109	192.168.7.25	1428
192.168.7.25	151.101.50.109	0
192.168.7.25	151.101.50.109	0
192.168.7.25	151.101.50.109	0
192.168.7.25	151.101.50.109	0
192.168.7.25	151.101.50.109	0
151.101.50.109	192.168.7.25	1428
151.101.50.109	192.168.7.25	1428
151.101.50.109	192.168.7.25	1428
151.101.50.109	192.168.7.25	1428
151.101.50.109	192.168.7.25	1428
192.168.7.25	151.101.50.109	0
192.168.7.25	151.101.50.109	0
192.168.7.25	151.101.50.109	0
151.101.50.109	192.168.7.25	1428
151.101.50.109	192.168.7.25	1428
151.101.50.109	192.168.7.25	1428
151.101.50.109	192.168.7.25	1428
192.168.7.25	151.101.50.109	0
192.168.7.25	151.101.50.109	0
192.168.7.25	151.101.50.109	0
172.217.9.132	192.168.7.25	0
216.239.32.21	192.168.7.25	1418
216.239.32.21	192.168.7.25	1418
192.168.7.25	216.239.32.21	0
192.168.7.25	216.239.32.21	0
216.239.32.21	192.168.7.25	1418
216.239.32.21	192.168.7.25	1418
151.101.50.109	192.168.7.25	1428
151.101.50.109	192.168.7.25	1428
192.168.7.25	216.239.32.21	0
192.168.7.25	151.101.50.109	0
192.168.7.25	151.101.50.109	0
192.168.7.25	216.239.32.21	0
151.101.50.109	192.168.7.25	1428
151.101.50.109	192.168.7.25	1428
151.101.50.109	192.168.7.25	1428
192.168.7.25	151.101.50.109	0
192.168.7.25	151.101.50.109	0
216.239.32.21	192.168.7.25	1418
172.217.9.132	192.168.7.25	147
216.239.32.21	192.168.7.25	1418
172.217.9.132	192.168.7.25	0
192.168.7.25	216.239.32.21	0
192.168.7.25	172.217.9.132	0
192.168.7.25	216.239.32.21	0
172.217.9.132	192.168.7.25	1418
172.217.9.132	192.168.7.25	564
172.217.9.132	192.168.7.25	31
192.168.7.25	172.217.9.132	0
192.168.7.25	172.217.9.132	0
192.168.7.25	172.217.9.132	0
192.168.7.25	172.217.9.132	24
192.168.7.25	172.217.9.132	0
172.217.9.132	192.168.7.25	1418
192.168.7.25	172.217.9.132	0
216.239.32.21	192.168.7.25	1418
216.239.32.21	192.168.7.25	1418
172.217.9.132	192.168.7.25	1418
172.217.9.132	192.168.7.25	1418
192.168.7.25	216.239.32.21	0
192.168.7.25	172.217.9.132	0
192.168.7.25	34.213.214.155	0
192.168.7.25	216.239.32.21	0
192.168.7.25	172.217.9.132	0
172.217.9.132	192.168.7.25	1418
172.217.9.132	192.168.7.25	0
172.217.9.132	192.168.7.25	564
216.239.32.21	192.168.7.25	1418
216.239.32.21	192.168.7.25	1418
192.168.7.25	216.239.32.21	0
192.168.7.25	172.217.9.132	0
192.168.7.25	216.239.32.21	0
172.217.9.132	192.168.7.25	1418
172.217.12.46	192.168.7.25	324
172.217.12.46	192.168.7.25	449
172.217.9.132	192.168.7.25	31
172.217.12.46	192.168.7.25	217
172.217.12.46	192.168.7.25	448
172.217.12.46	192.168.7.25	31
172.217.9.132	192.168.7.25	1418
172.217.12.46	192.168.7.25	39
172.217.12.46	192.168.7.25	31
216.239.32.21	192.168.7.25	1418
192.168.7.25	172.217.9.132	0
192.168.7.25	172.217.12.46	0
192.168.7.25	172.217.12.46	0
192.168.7.25	172.217.9.132	0
192.168.7.25	172.217.12.46	0
192.168.7.25	172.217.9.132	24
192.168.7.25	172.217.12.46	0
192.168.7.25	172.217.12.46	0
192.168.7.25	172.217.9.132	0
192.168.7.25	172.217.12.46	0
192.168.7.25	172.217.12.46	0
192.168.7.25	172.217.9.132	0
192.168.7.25	172.217.12.46	39
216.239.32.21	192.168.7.25	1418
172.217.9.132	192.168.7.25	259
172.217.9.132	192.168.7.25	1418
172.217.9.132	192.168.7.25	118
192.168.7.25	216.239.32.21	0
192.168.7.25	172.217.9.132	0
192.168.7.25	172.217.9.132	0
192.168.7.25	172.217.9.132	39
172.217.9.132	192.168.7.25	1418
172.217.9.132	192.168.7.25	1418
216.239.32.21	192.168.7.25	1418
216.239.32.21	192.168.7.25	1418
192.168.7.25	216.239.32.21	0
192.168.7.25	172.217.9.132	0
192.168.7.25	216.239.32.21	0
192.168.7.25	172.217.9.132	0
172.217.9.132	192.168.7.25	1418
172.217.9.132	192.168.7.25	1418
151.101.50.109	192.168.7.25	1428
151.101.50.109	192.168.7.25	1428
216.239.32.21	192.168.7.25	1418
192.168.7.25	172.217.9.132	0
192.168.7.25	151.101.50.109	0
192.168.7.25	151.101.50.109	0
192.168.7.25	172.217.9.132	0
216.239.32.21	192.168.7.25	1418
151.101.50.109	192.168.7.25	1428
151.101.50.109	192.168.7.25	1428
151.101.50.109	192.168.7.25	1428
151.101.50.109	192.168.7.25	1428
192.168.7.25	216.239.32.21	0
192.168.7.25	151.101.50.109	0
192.168.7.25	151.101.50.109	0
192.168.7.25	151.101.50.109	0
216.239.32.21	192.168.7.25	1418
151.101.50.109	192.168.7.25	1428
151.101.50.109	192.168.7.25	1428
151.101.50.109	192.168.7.25	1428
151.101.50.109	192.168.7.25	1428
216.239.32.21	192.168.7.25	1418
151.101.50.109	192.168.7.25	1428
192.168.7.25	216.239.32.21	0
192.168.7.25	151.101.50.109	0
192.168.7.25	151.101.50.109	0
151.101.50.109	192.168.7.25	1428
151.101.50.109	192.168.7.25	1428
151.101.50.109	192.168.7.25	1428
151.101.50.109	192.168.7.25	1428
192.168.7.25	151.101.50.109	0
192.168.7.25	151.101.50.109	0
192.168.7.25	216.239.32.21	0
192.168.7.25	151.101.50.109	0
151.101.50.109	192.168.7.25	1428
151.101.50.109	192.168.7.25	1428
151.101.50.109	192.168.7.25	1428
151.101.50.109	192.168.7.25	1428
151.101.50.109	192.168.7.25	1428
192.168.7.25	151.101.50.109	0
192.168.7.25	151.101.50.109	0
172.217.9.132	192.168.7.25	1418
172.217.9.132	192.168.7.25	1418
192.168.7.25	172.217.195.157	0
192.168.7.25	172.217.9.132	0
192.168.7.25	172.217.195.157	0
192.168.7.25	151.101.50.109	0
172.217.9.132	192.168.7.25	1418
172.217.9.132	192.168.7.25	1418
172.217.9.132	192.168.7.25	1418
172.217.9.132	192.168.7.25	1418
216.239.32.21	192.168.7.25	1418
216.239.32.21	192.168.7.25	1418
192.168.7.25	216.239.32.21	0
192.168.7.25	172.217.9.132	0
192.168.7.25	172.217.9.132	0
192.168.7.25	172.217.9.132	0
192.168.7.25	172.217.9.132	0
192.168.7.25	172.217.9.132	0
192.168.7.25	216.239.32.21	0
172.217.9.132	192.168.7.25	1418
172.217.9.132	192.168.7.25	1418
216.239.32.21	192.168.7.25	1418
216.239.32.21	192.168.7.25	1418
192.168.7.25	216.239.32.21	0
192.168.7.25	172.217.9.132	0
192.168.7.25	216.239.32.21	0
192.168.7.25	172.217.9.132	0
172.217.9.132	192.168.7.25	1418
216.239.32.21	192.168.7.25	1418
216.239.32.21	192.168.7.25	1418
172.217.9.132	192.168.7.25	1418
192.168.7.25	216.239.32.21	0
192.168.7.25	172.217.9.132	0
192.168.7.25	216.239.32.21	0
192.168.7.25	172.217.9.132	0
172.217.9.132	192.168.7.25	1418
216.239.32.21	192.168.7.25	1418
216.239.32.21	192.168.7.25	1418
151.101.50.109	192.168.7.25	1428
192.168.7.25	216.239.32.21	0
192.168.7.25	151.101.50.109	0
192.168.7.25	216.239.32.21	0
151.101.50.109	192.168.7.25	1428
151.101.50.109	192.168.7.25	1428
216.239.32.21	192.168.7.25	1418
151.101.50.109	192.168.7.25	1428
151.101.50.109	192.168.7.25	1428
216.239.32.21	192.168.7.25	1418
192.168.7.25	216.239.32.21	0
192.168.7.25	151.101.50.109	0
192.168.7.25	151.101.50.109	0
192.168.7.25	151.101.50.109	0
192.168.7.25	216.239.32.21	0
151.101.50.109	192.168.7.25	1428
151.101.50.109	192.168.7.25	1428
151.101.50.109	192.168.7.25	1428
151.101.50.109	192.168.7.25	1428
151.101.50.109	192.168.7.25	1428
151.101.50.109	192.168.7.25	1428
151.101.50.109	192.168.7.25	1428
192.168.7.25	151.101.50.109	0
192.168.7.25	151.101.50.109	0
192.168.7.25	151.101.50.109	0
192.168.7.25	151.101.50.109	0
151.101.50.109	192.168.7.25	1428
151.101.50.109	192.168.7.25	1428
151.101.50.109	192.168.7.25	1428
216.239.32.21	192.168.7.25	1418
151.101.50.109	192.168.7.25	1428
216.239.32.21	192.168.7.25	1418
151.101.50.109	192.168.7.25	1428
151.101.50.109	192.168.7.25	1428
151.101.50.109	192.168.7.25	1428
151.101.50.109	192.168.7.25	1428
216.239.32.21	192.168.7.25	1418
192.168.7.25	216.239.32.21	0
192.168.7.25	151.101.50.109	0
192.168.7.25	151.101.50.109	0
192.168.7.25	151.101.50.109	0
192.168.7.25	151.101.50.109	0
192.168.7.25	151.101.50.109	0
192.168.7.25	151.101.50.109	0
192.168.7.25	216.239.32.21	0
216.239.32.21	192.168.7.25	1418
172.217.9.132	192.168.7.25	1418
216.239.32.21	192.168.7.25	1418
216.239.32.21	192.168.7.25	146
172.217.9.132	192.168.7.25	1418
172.217.9.132	192.168.7.25	0
172.217.9.132	192.168.7.25	1418
192.168.7.25	216.239.32.21	0
192.168.7.25	216.239.32.21	0
192.168.7.25	172.217.9.132	0
192.168.7.25	172.217.9.132	0
192.168.7.25	172.217.9.132	0
192.168.7.25	172.217.9.132	0
192.168.7.25	216.239.32.21	46
172.217.9.132	192.168.7.25	1418
151.101.50.109	192.168.7.25	1428
151.101.50.109	192.168.7.25	1428
172.217.9.132	192.168.7.25	1418
172.217.9.132	192.168.7.25	1418
172.217.9.132	192.168.7.25	1418
172.217.9.132	192.168.7.25	0
172.217.9.132	192.168.7.25	1418
172.217.9.132	192.168.7.25	1418
172.217.9.132	192.168.7.25	1418
172.217.9.132	192.168.7.25	0
172.217.9.132	192.168.7.25	1418
172.217.9.132	192.168.7.25	1418
172.217.9.132	192.168.7.25	1418
192.168.7.25	172.217.9.132	0
192.168.7.25	172.217.9.132	0
192.168.7.25	151.101.50.109	0
192.168.7.25	172.217.9.132	0
192.168.7.25	172.217.9.132	0
192.168.7.25	172.217.9.132	0
172.217.9.132	192.168.7.25	1418
172.217.9.132	192.168.7.25	1418
172.217.9.132	192.168.7.25	1418
151.101.50.109	192.168.7.25	1428
151.101.50.109	192.168.7.25	1428
172.217.9.132	192.168.7.25	1418
172.217.9.132	192.168.7.25	1418
172.217.9.132	192.168.7.25	1418
192.168.7.25	172.217.9.132	0
192.168.7.25	172.217.9.132	0
192.168.7.25	151.101.50.109	0
192.168.7.25	172.217.9.132	0
172.217.9.132	192.168.7.25	1418
172.217.9.132	192.168.7.25	1418
172.217.9.132	192.168.7.25	1418
151.101.50.109	192.168.7.25	1428
151.101.50.109	192.168.7.25	1428
151.101.50.109	192.168.7.25	1428
192.168.7.25	172.217.9.132	0
192.168.7.25	151.101.50.109	0
151.101.50.109	192.168.7.25	1428
151.101.50.109	192.168.7.25	1428
151.101.50.109	192.168.7.25	1428
151.101.50.109	192.168.7.25	1428
151.101.50.109	192.168.7.25	1428
151.101.50.109	192.168.7.25	1428
151.101.50.109	192.168.7.25	1428
151.101.50.109	192.168.7.25	1428
151.101.50.109	192.168.7.25	1428
172.217.9.132	192.168.7.25	1418
192.168.7.25	151.101.50.109	0
192.168.7.25	151.101.50.109	0
192.168.7.25	151.101.50.109	0
192.168.7.25	151.101.50.109	0
192.168.7.25	172.217.9.132	0
192.168.7.25	151.101.50.109	0
192.168.7.25	151.101.50.109	0
151.101.50.109	192.168.7.25	1428
172.217.9.132	192.168.7.25	1418
192.168.7.25	151.101.50.109	0
192.168.7.25	172.217.9.132	0
192.168.7.25	172.217.9.132	0
192.168.7.25	172.217.9.132	0
192.168.7.25	172.217.9.132	0
192.168.7.25	172.217.9.132	0
192.168.7.25	172.217.9.132	0
192.168.7.25	172.217.9.132	0
192.168.7.25	172.217.9.132	0
172.217.12.46	192.168.7.25	0
172.217.9.132	192.168.7.25	1418
172.217.9.132	192.168.7.25	1418
192.168.7.25	172.217.9.132	0
151.101.50.109	192.168.7.25	1428
192.168.7.25	172.217.9.132	0
192.168.7.25	172.217.9.132	0
192.168.7.25	172.217.9.132	0
151.101.50.109	192.168.7.25	1428
151.101.50.109	192.168.7.25	1428
151.101.50.109	192.168.7.25	1428
151.101.50.109	192.168.7.25	1428
172.217.9.132	192.168.7.25	1418
151.101.50.109	192.168.7.25	1428
192.168.7.25	151.101.50.109	0
192.168.7.25	151.101.50.109	0
192.168.7.25	151.101.50.109	0
192.168.7.25	151.101.50.109	0
172.217.9.132	192.168.7.25	1418
172.217.9.132	192.168.7.25	1418
172.217.9.132	192.168.7.25	1418
192.168.7.25	172.217.9.132	0
192.168.7.25	172.217.9.132	0
192.168.7.25	172.217.9.132	0
172.217.9.132	192.168.7.25	1418
172.217.9.132	192.168.7.25	1418
172.217.9.132	192.168.7.25	1418
172.217.9.132	192.168.7.25	1418
192.168.7.25	172.217.9.132	0
192.168.7.25	172.217.9.132	0
192.168.7.25	172.217.9.132	0
192.168.7.25	172.217.9.132	0
172.217.9.132	192.168.7.25	1418
172.217.9.132	192.168.7.25	1418
172.217.9.132	192.168.7.25	1418
192.168.7.25	172.217.9.132	0
192.168.7.25	172.217.9.132	0
172.217.9.132	192.168.7.25	1418
151.101.50.109	192.168.7.25	1428
151.101.50.109	192.168.7.25	1428
151.101.50.109	192.168.7.25	1428
192.168.7.25	151.101.50.109	0
192.168.7.25	151.101.50.109	0
192.168.7.25	172.217.9.132	0
192.168.7.25	35.186.194.58	0
151.101.50.109	192.168.7.25	1428
151.101.50.109	192.168.7.25	1428
151.101.50.109	192.168.7.25	1428
172.217.9.132	192.168.7.25	1418
172.217.9.132	192.168.7.25	1418
192.168.7.25	172.217.9.132	0
192.168.7.25	151.101.50.109	0
172.217.9.132	192.168.7.25	1418
172.217.9.132	192.168.7.25	444
151.101.50.109	192.168.7.25	1428
151.101.50.109	192.168.7.25	1428
151.101.50.109	192.168.7.25	1428
151.101.50.109	192.168.7.25	1428
192.168.7.25	172.217.9.132	0
192.168.7.25	151.101.50.109	0
192.168.7.25	151.101.50.109	0
192.168.7.25	172.217.9.132	0
192.168.7.25	151.101.50.109	0
151.101.50.109	192.168.7.25	1428
151.101.50.109	192.168.7.25	1428
151.101.50.109	192.168.7.25	1428
151.101.50.109	192.168.7.25	1428
151.101.50.109	192.168.7.25	1428
151.101.50.109	192.168.7.25	1428
151.101.50.109	192.168.7.25	1428
151.101.50.109	192.168.7.25	1428
192.168.7.25	151.101.50.109	0
192.168.7.25	151.101.50.109	0
192.168.7.25	151.101.50.109	0
192.168.7.25	151.101.50.109	0
151.101.50.109	192.168.7.25	1428
151.101.50.109	192.168.7.25	1428
192.168.7.25	151.101.50.109	0
192.168.7.25	151.101.50.109	0
192.168.7.25	151.101.50.109	0
172.217.195.157	192.168.7.25	0
172.217.195.157	192.168.7.25	0
192.168.7.25	172.217.195.157	0
192.168.7.25	172.217.195.157	0
192.168.7.25	172.217.195.157	517
192.168.7.25	172.217.195.157	517
151.101.50.109	192.168.7.25	1428
151.101.50.109	192.168.7.25	1428
151.101.50.109	192.168.7.25	1428
151.101.50.109	192.168.7.25	1428
151.101.50.109	192.168.7.25	1428
151.101.50.109	192.168.7.25	1428
151.101.50.109	192.168.7.25	1428
151.101.50.109	192.168.7.25	1428
151.101.50.109	192.168.7.25	1428
151.101.50.109	192.168.7.25	1428
151.101.50.109	192.168.7.25	1428
192.168.7.25	151.101.50.109	0
192.168.7.25	151.101.50.109	0
192.168.7.25	151.101.50.109	0
192.168.7.25	151.101.50.109	0
192.168.7.25	151.101.50.109	0
192.168.7.25	151.101.50.109	0
151.101.50.109	192.168.7.25	1428
151.101.50.109	192.168.7.25	1428
151.101.50.109	192.168.7.25	1428
151.101.50.109	192.168.7.25	1428
151.101.50.109	192.168.7.25	1428
151.101.50.109	192.168.7.25	1428
151.101.50.109	192.168.7.25	1428
151.101.50.109	192.168.7.25	1428
151.101.50.109	192.168.7.25	1428
151.101.50.109	192.168.7.25	1428
151.101.50.109	192.168.7.25	1428
151.101.50.109	192.168.7.25	1428
151.101.50.109	192.168.7.25	1428
192.168.7.25	151.101.50.109	0
192.168.7.25	151.101.50.109	0
192.168.7.25	151.101.50.109	0
192.168.7.25	151.101.50.109	0
192.168.7.25	151.101.50.109	0
192.168.7.25	151.101.50.109	0
192.168.7.25	151.101.50.109	0
192.168.7.25	151.101.50.109	0
151.101.50.109	192.168.7.25	1428
151.101.50.109	192.168.7.25	1428
151.101.50.109	192.168.7.25	1428
151.101.50.109	192.168.7.25	1428
151.101.50.109	192.168.7.25	1428
192.168.7.25	151.101.50.109	0
192.168.7.25	151.101.50.109	0
151.101.50.109	192.168.7.25	1428
151.101.50.109	192.168.7.25	1428
151.101.50.109	192.168.7.25	1428
192.168.7.25	151.101.50.109	0
192.168.7.25	151.101.50.109	0
192.168.7.25	151.101.50.109	0
192.168.7.25	151.101.50.109	0
151.101.50.109	192.168.7.25	1428
151.101.50.109	192.168.7.25	1428
151.101.50.109	192.168.7.25	1428
151.101.50.109	192.168.7.25	1428
151.101.50.109	192.168.7.25	1428
151.101.50.109	192.168.7.25	1428
151.101.50.109	192.168.7.25	1428
151.101.50.109	192.168.7.25	1428
151.101.50.109	192.168.7.25	1428
192.168.7.25	151.101.50.109	0
192.168.7.25	151.101.50.109	0
192.168.7.25	151.101.50.109	0
192.168.7.25	151.101.50.109	0
151.101.50.109	192.168.7.25	1428
151.101.50.109	192.168.7.25	1428
192.168.7.25	151.101.50.109	0
192.168.7.25	151.101.50.109	0
192.168.7.25	151.101.50.109	0
151.101.50.109	192.168.7.25	1428
151.101.50.109	192.168.7.25	1428
151.101.50.109	192.168.7.25	1428
151.101.50.109	192.168.7.25	1428
192.168.7.25	151.101.50.109	0
192.168.7.25	151.101.50.109	0
192.168.7.25	151.101.50.109	0
35.186.194.58	192.168.7.25	0
192.168.7.25	35.186.194.58	0
192.168.7.25	35.186.194.58	517
192.168.7.25	216.239.32.21	46
172.217.195.157	192.168.7.25	0
172.217.195.157	192.168.7.25	0
172.217.195.157	192.168.7.25	0
172.217.195.157	192.168.7.25	1418
172.217.195.157	192.168.7.25	1195
172.217.195.157	192.168.7.25	1418
172.217.195.157	192.168.7.25	1195
192.168.7.25	172.217.195.157	0
192.168.7.25	172.217.195.157	0
151.101.50.109	192.168.7.25	1428
151.101.50.109	192.168.7.25	1428
151.101.50.109	192.168.7.25	1428
192.168.7.25	151.101.50.109	0
151.101.50.109	192.168.7.25	1428
151.101.50.109	192.168.7.25	1428
151.101.50.109	192.168.7.25	1428
151.101.50.109	192.168.7.25	1428
151.101.50.109	192.168.7.25	1428
192.168.7.25	151.101.50.109	0
192.168.7.25	151.101.50.109	0
192.168.7.25	151.101.50.109	0
151.101.50.109	192.168.7.25	1428
192.168.7.25	216.58.194.99	389
192.168.7.25	151.101.50.109	0
192.168.7.25	151.101.50.109	0
192.168.7.25	216.58.194.99	389
151.101.50.109	192.168.7.25	1428
151.101.50.109	192.168.7.25	1428
151.101.50.109	192.168.7.25	1428
151.101.50.109	192.168.7.25	1428
151.101.50.109	192.168.7.25	1428
151.101.50.109	192.168.7.25	1428
151.101.50.109	192.168.7.25	1428
151.101.50.109	192.168.7.25	1428
151.101.50.109	192.168.7.25	1428
151.101.50.109	192.168.7.25	1428
192.168.7.25	151.101.50.109	0
192.168.7.25	151.101.50.109	0
192.168.7.25	151.101.50.109	0
192.168.7.25	151.101.50.109	0
192.168.7.25	151.101.50.109	0
192.168.7.25	151.101.50.109	0
192.168.7.25	151.101.50.109	0
151.101.50.109	192.168.7.25	1428
151.101.50.109	192.168.7.25	1428
151.101.50.109	192.168.7.25	1428
151.101.50.109	192.168.7.25	1428
151.101.50.109	192.168.7.25	1428
192.168.7.25	151.101.50.109	0
192.168.7.25	151.101.50.109	0
192.168.7.25	151.101.50.109	0
151.101.50.109	192.168.7.25	1428
151.101.50.109	192.168.7.25	1428
151.101.50.109	192.168.7.25	1428
151.101.50.109	192.168.7.25	1428
192.168.7.25	151.101.50.109	0
192.168.7.25	151.101.50.109	0
192.168.7.25	151.101.50.109	0
151.101.50.109	192.168.7.25	1428
151.101.50.109	192.168.7.25	1428
151.101.50.109	192.168.7.25	1428
151.101.50.109	192.168.7.25	1428
151.101.50.109	192.168.7.25	1428
151.101.50.109	192.168.7.25	1428
192.168.7.25	151.101.50.109	0
192.168.7.25	151.101.50.109	0
192.168.7.25	151.101.50.109	0
192.168.7.25	151.101.50.109	0
151.101.50.109	192.168.7.25	1428
151.101.50.109	192.168.7.25	1428
151.101.50.109	192.168.7.25	1428
151.101.50.109	192.168.7.25	1428
151.101.50.109	192.168.7.25	1428
151.101.50.109	192.168.7.25	1428
151.101.50.109	192.168.7.25	1428
151.101.50.109	192.168.7.25	1428
151.101.50.109	192.168.7.25	1428
192.168.7.25	151.101.50.109	0
192.168.7.25	151.101.50.109	0
192.168.7.25	151.101.50.109	0
192.168.7.25	151.101.50.109	0
192.168.7.25	151.101.50.109	0
192.168.7.25	151.101.50.109	0
151.101.50.109	192.168.7.25	1428
35.186.194.58	192.168.7.25	0
151.101.50.109	192.168.7.25	1428
151.101.50.109	192.168.7.25	1428
151.101.50.109	192.168.7.25	1428
151.101.50.109	192.168.7.25	1428
151.101.50.109	192.168.7.25	1428
192.168.7.25	151.101.50.109	0
192.168.7.25	151.101.50.109	0
192.168.7.25	151.101.50.109	0
192.168.7.25	151.101.50.109	0
34.213.214.155	192.168.7.25	0
192.168.7.25	34.213.214.155	0
192.168.7.25	34.213.214.155	517
35.186.194.58	192.168.7.25	1418
216.239.32.21	192.168.7.25	0
35.186.194.58	192.168.7.25	1418
35.186.194.58	192.168.7.25	1418
35.186.194.58	192.168.7.25	1418
35.186.194.58	192.168.7.25	141
192.168.7.25	35.186.194.58	0
192.168.7.25	35.186.194.58	0
192.168.7.25	35.186.194.58	0
192.168.7.25	35.186.194.58	0
192.168.7.25	35.186.194.58	93
192.168.7.25	35.186.194.58	177
192.168.7.25	35.186.194.58	246
192.168.7.25	35.186.194.58	293
151.101.50.109	192.168.7.25	1428
151.101.50.109	192.168.7.25	1428
192.168.7.25	151.101.50.109	0
192.168.7.25	151.101.50.109	0
151.101.50.109	192.168.7.25	1428
151.101.50.109	192.168.7.25	1428
151.101.50.109	192.168.7.25	1428
151.101.50.109	192.168.7.25	1428
151.101.50.109	192.168.7.25	1428
151.101.50.109	192.168.7.25	1428
151.101.50.109	192.168.7.25	1428
151.101.50.109	192.168.7.25	1428
192.168.7.25	151.101.50.109	0
192.168.7.25	151.101.50.109	0
192.168.7.25	151.101.50.109	0
192.168.7.25	151.101.50.109	0
192.168.7.25	151.101.50.109	0
151.101.50.109	192.168.7.25	1428
151.101.50.109	192.168.7.25	1428
151.101.50.109	192.168.7.25	1428
151.101.50.109	192.168.7.25	1428
151.101.50.109	192.168.7.25	1428
151.101.50.109	192.168.7.25	1428
151.101.50.109	192.168.7.25	1428
192.168.7.25	151.101.50.109	0
192.168.7.25	151.101.50.109	0
192.168.7.25	151.101.50.109	0
192.168.7.25	151.101.50.109	0
192.168.7.25	151.101.50.109	0
151.101.50.109	192.168.7.25	1428
151.101.50.109	192.168.7.25	1428
151.101.50.109	192.168.7.25	1428
151.101.50.109	192.168.7.25	1428
151.101.50.109	192.168.7.25	1428
151.101.50.109	192.168.7.25	1428
151.101.50.109	192.168.7.25	1428
192.168.7.25	151.101.50.109	0
192.168.7.25	151.101.50.109	0
192.168.7.25	151.101.50.109	0
192.168.7.25	151.101.50.109	0
151.101.50.109	192.168.7.25	1428
151.101.50.109	192.168.7.25	1428
151.101.50.109	192.168.7.25	1428
151.101.50.109	192.168.7.25	1428
151.101.50.109	192.168.7.25	1428
151.101.50.109	192.168.7.25	1428
151.101.50.109	192.168.7.25	1428
151.101.50.109	192.168.7.25	1428
192.168.7.25	151.101.50.109	0
192.168.7.25	151.101.50.109	0
192.168.7.25	151.101.50.109	0
192.168.7.25	151.101.50.109	0
192.168.7.25	151.101.50.109	0
151.101.50.109	192.168.7.25	1428
151.101.50.109	192.168.7.25	1428
151.101.50.109	192.168.7.25	1428
151.101.50.109	192.168.7.25	1428
151.101.50.109	192.168.7.25	1428
151.101.50.109	192.168.7.25	1428
151.101.50.109	192.168.7.25	1428
151.101.50.109	192.168.7.25	1428
192.168.7.25	151.101.50.109	0
192.168.7.25	151.101.50.109	0
192.168.7.25	151.101.50.109	0
192.168.7.25	151.101.50.109	0
192.168.7.25	151.101.50.109	0
192.168.7.25	151.101.50.109	0
151.101.50.109	192.168.7.25	1428
151.101.50.109	192.168.7.25	1428
151.101.50.109	192.168.7.25	1428
151.101.50.109	192.168.7.25	1428
216.58.194.99	192.168.7.25	701
151.101.50.109	192.168.7.25	1428
151.101.50.109	192.168.7.25	1428
151.101.50.109	192.168.7.25	1428
192.168.7.25	151.101.50.109	0
192.168.7.25	151.101.50.109	0
192.168.7.25	151.101.50.109	0
192.168.7.25	216.58.194.99	0
192.168.7.25	151.101.50.109	0
151.101.50.109	192.168.7.25	1428
151.101.50.109	192.168.7.25	1428
216.58.194.99	192.168.7.25	701
192.168.7.25	151.101.50.109	0
192.168.7.25	216.58.194.99	0
192.168.7.25	151.101.50.109	0
192.168.7.25	172.217.195.157	64
192.168.7.25	172.217.195.157	170
192.168.7.25	172.217.195.157	316
192.168.7.25	172.217.195.157	64
151.101.50.109	192.168.7.25	1428
151.101.50.109	192.168.7.25	1428
192.168.7.25	151.101.50.109	0
192.168.7.25	151.101.50.109	0
192.168.7.25	172.217.195.157	187
192.168.7.25	172.217.195.157	172
35.186.194.58	192.168.7.25	284
35.186.194.58	192.168.7.25	69
192.168.7.25	35.186.194.58	0
192.168.7.25	35.186.194.58	0
192.168.7.25	35.186.194.58	38
35.186.194.58	192.168.7.25	0
35.186.194.58	192.168.7.25	38
192.168.7.25	35.186.194.58	0
151.101.50.109	192.168.7.25	1428
151.101.50.109	192.168.7.25	1428
151.101.50.109	192.168.7.25	1428
151.101.50.109	192.168.7.25	1428
151.101.50.109	192.168.7.25	1428
151.101.50.109	192.168.7.25	1428
151.101.50.109	192.168.7.25	1428
192.168.7.25	151.101.50.109	0
192.168.7.25	151.101.50.109	0
192.168.7.25	151.101.50.109	0
192.168.7.25	151.101.50.109	0
151.101.50.109	192.168.7.25	1428
151.101.50.109	192.168.7.25	1428
151.101.50.109	192.168.7.25	1428
151.101.50.109	192.168.7.25	1428
151.101.50.109	192.168.7.25	1428
151.101.50.109	192.168.7.25	1428
151.101.50.109	192.168.7.25	1428
192.168.7.25	151.101.50.109	0
192.168.7.25	151.101.50.109	0
192.168.7.25	151.101.50.109	0
192.168.7.25	151.101.50.109	0
151.101.50.109	192.168.7.25	1428
151.101.50.109	192.168.7.25	1428
151.101.50.109	192.168.7.25	1428
151.101.50.109	192.168.7.25	1428
151.101.50.109	192.168.7.25	1428
151.101.50.109	192.168.7.25	1428
151.101.50.109	192.168.7.25	1428
192.168.7.25	151.101.50.109	0
192.168.7.25	151.101.50.109	0
192.168.7.25	151.101.50.109	0
192.168.7.25	151.101.50.109	0
192.168.7.25	151.101.50.109	0
151.101.50.109	192.168.7.25	1428
151.101.50.109	192.168.7.25	1428
151.101.50.109	192.168.7.25	1428
151.101.50.109	192.168.7.25	1428
151.101.50.109	192.168.7.25	1428
151.101.50.109	192.168.7.25	1428
192.168.7.25	151.101.50.109	0
192.168.7.25	151.101.50.109	0
192.168.7.25	151.101.50.109	0
192.168.7.25	151.101.50.109	0
151.101.50.109	192.168.7.25	1428
151.101.50.109	192.168.7.25	1428
151.101.50.109	192.168.7.25	1428
151.101.50.109	192.168.7.25	1428
151.101.50.109	192.168.7.25	1428
192.168.7.25	151.101.50.109	0
192.168.7.25	151.101.50.109	0
151.101.50.109	192.168.7.25	1428
192.168.7.25	151.101.50.109	0
192.168.7.25	151.101.50.109	0
192.168.7.25	151.101.50.109	0
151.101.50.109	192.168.7.25	1428
151.101.50.109	192.168.7.25	1428
151.101.50.109	192.168.7.25	1428
151.101.50.109	192.168.7.25	1428
151.101.50.109	192.168.7.25	1428
151.101.50.109	192.168.7.25	1428
151.101.50.109	192.168.7.25	1428
151.101.50.109	192.168.7.25	1428
151.101.50.109	192.168.7.25	1428
151.101.50.109	192.168.7.25	1428
151.101.50.109	192.168.7.25	1428
151.101.50.109	192.168.7.25	1428
192.168.7.25	151.101.50.109	0
192.168.7.25	151.101.50.109	0
192.168.7.25	151.101.50.109	0
192.168.7.25	151.101.50.109	0
192.168.7.25	151.101.50.109	0
192.168.7.25	151.101.50.109	0
151.101.50.109	192.168.7.25	1428
151.101.50.109	192.168.7.25	1428
151.101.50.109	192.168.7.25	1428
151.101.50.109	192.168.7.25	1428
151.101.50.109	192.168.7.25	1428
151.101.50.109	192.168.7.25	1428
192.168.7.25	151.101.50.109	0
192.168.7.25	151.101.50.109	0
192.168.7.25	151.101.50.109	0
151.101.50.109	192.168.7.25	1428
35.186.194.58	192.168.7.25	239
35.186.194.58	192.168.7.25	91
151.101.50.109	192.168.7.25	1428
35.186.194.58	192.168.7.25	46
151.101.50.109	192.168.7.25	1428
172.217.195.157	192.168.7.25	564
172.217.195.157	192.168.7.25	31
172.217.195.157	192.168.7.25	0
172.217.195.157	192.168.7.25	564
172.217.195.157	192.168.7.25	31
192.168.7.25	172.217.195.157	0
192.168.7.25	35.186.194.58	0
192.168.7.25	35.186.194.58	0
192.168.7.25	35.186.194.58	0
192.168.7.25	151.101.50.109	0
192.168.7.25	172.217.195.157	0
192.168.7.25	172.217.195.157	0
192.168.7.25	172.217.195.157	0
192.168.7.25	151.101.50.109	0
192.168.7.25	151.101.50.109	0
192.168.7.25	172.217.195.157	31
192.168.7.25	172.217.195.157	24
192.168.7.25	172.217.195.157	0
192.168.7.25	35.186.194.58	46
151.101.50.109	192.168.7.25	1428
151.101.50.109	192.168.7.25	1428
151.101.50.109	192.168.7.25	1428
151.101.50.109	192.168.7.25	1428
151.101.50.109	192.168.7.25	1428
151.101.50.109	192.168.7.25	1428
192.168.7.25	151.101.50.109	0
192.168.7.25	151.101.50.109	0
192.168.7.25	151.101.50.109	0
192.168.7.25	151.101.50.109	0
151.101.50.109	192.168.7.25	1428
151.101.50.109	192.168.7.25	1428
151.101.50.109	192.168.7.25	1428
151.101.50.109	192.168.7.25	1428
151.101.50.109	192.168.7.25	1428
151.101.50.109	192.168.7.25	1428
192.168.7.25	151.101.50.109	0
192.168.7.25	151.101.50.109	0
192.168.7.25	151.101.50.109	0
192.168.7.25	151.101.50.109	0
151.101.50.109	192.168.7.25	1428
151.101.50.109	192.168.7.25	1428
151.101.50.109	192.168.7.25	1428
192.168.7.25	151.101.50.109	0
192.168.7.25	151.101.50.109	0
151.101.50.109	192.168.7.25	1428
151.101.50.109	192.168.7.25	1428
151.101.50.109	192.168.7.25	1428
151.101.50.109	192.168.7.25	1428
151.101.50.109	192.168.7.25	1428
151.101.50.109	192.168.7.25	1428
151.101.50.109	192.168.7.25	1428
151.101.50.109	192.168.7.25	1428
151.101.50.109	192.168.7.25	1428
192.168.7.25	151.101.50.109	0
192.168.7.25	151.101.50.109	0
192.168.7.25	151.101.50.109	0
192.168.7.25	151.101.50.109	0
192.168.7.25	151.101.50.109	0
151.101.50.109	192.168.7.25	1428
151.101.50.109	192.168.7.25	1428
151.101.50.109	192.168.7.25	1428
192.168.7.25	151.101.50.109	0
192.168.7.25	151.101.50.109	0
151.101.50.109	192.168.7.25	1428
172.217.195.157	192.168.7.25	372
172.217.195.157	192.168.7.25	396
172.217.195.157	192.168.7.25	31
172.217.195.157	192.168.7.25	39
192.168.7.25	172.217.195.157	0
192.168.7.25	172.217.195.157	0
192.168.7.25	172.217.195.157	0
192.168.7.25	172.217.195.157	0
192.168.7.25	172.217.195.157	39
151.101.50.109	192.168.7.25	1428
192.168.7.25	151.101.50.109	0
151.101.50.109	192.168.7.25	1428
151.101.50.109	192.168.7.25	1428
151.101.50.109	192.168.7.25	1428
192.168.7.25	151.101.50.109	0
192.168.7.25	151.101.50.109	0
192.168.7.25	172.217.9.132	160
151.101.50.109	192.168.7.25	1428
151.101.50.109	192.168.7.25	1428
151.101.50.109	192.168.7.25	1428
151.101.50.109	192.168.7.25	1428
151.101.50.109	192.168.7.25	1428
192.168.7.25	151.101.50.109	0
192.168.7.25	151.101.50.109	0
151.101.50.109	192.168.7.25	1428
151.101.50.109	192.168.7.25	1428
151.101.50.109	192.168.7.25	1428
192.168.7.25	151.101.50.109	0
192.168.7.25	151.101.50.109	0
151.101.50.109	192.168.7.25	1428
151.101.50.109	192.168.7.25	1428
151.101.50.109	192.168.7.25	1428
172.217.195.157	192.168.7.25	187
172.217.195.157	192.168.7.25	397
192.168.7.25	172.217.195.157	0
192.168.7.25	172.217.195.157	0
192.168.7.25	151.101.50.109	0
151.101.50.109	192.168.7.25	1428
172.217.195.157	192.168.7.25	31
151.101.50.109	192.168.7.25	1428
151.101.50.109	192.168.7.25	1428
192.168.7.25	151.101.50.109	0
151.101.50.109	192.168.7.25	1428
192.168.7.25	151.101.50.109	0
151.101.50.109	192.168.7.25	1428
151.101.50.109	192.168.7.25	1428
151.101.50.109	192.168.7.25	1428
151.101.50.109	192.168.7.25	1428
192.168.7.25	151.101.50.109	0
192.168.7.25	172.217.195.157	0
192.168.7.25	151.101.50.109	0
192.168.7.25	151.101.50.109	0
192.168.7.25	151.101.50.109	0
192.168.7.25	151.101.50.109	0
192.168.7.25	151.101.50.109	0
151.101.50.109	192.168.7.25	1428
151.101.50.109	192.168.7.25	1428
151.101.50.109	192.168.7.25	1428
192.168.7.25	151.101.50.109	0
192.168.7.25	151.101.50.109	0
151.101.50.109	192.168.7.25	1428
151.101.50.109	192.168.7.25	1428
192.168.7.25	151.101.50.109	0
192.168.7.25	151.101.50.109	0
192.168.7.25	172.217.9.132	148
151.101.50.109	192.168.7.25	1428
151.101.50.109	192.168.7.25	1428
151.101.50.109	192.168.7.25	1428
151.101.50.109	192.168.7.25	1428
151.101.50.109	192.168.7.25	1428
151.101.50.109	192.168.7.25	1428
192.168.7.25	151.101.50.109	0
192.168.7.25	151.101.50.109	0
192.168.7.25	151.101.50.109	0
151.101.50.109	192.168.7.25	1428
151.101.50.109	192.168.7.25	1428
151.101.50.109	192.168.7.25	1428
192.168.7.25	151.101.50.109	0
192.168.7.25	151.101.50.109	0
151.101.50.109	192.168.7.25	1428
151.101.50.109	192.168.7.25	1428
151.101.50.109	192.168.7.25	1428
151.101.50.109	192.168.7.25	1428
151.101.50.109	192.168.7.25	1428
192.168.7.25	151.101.50.109	0
192.168.7.25	151.101.50.109	0
151.101.50.109	192.168.7.25	1428
151.101.50.109	192.168.7.25	1428
151.101.50.109	192.168.7.25	1428
192.168.7.25	151.101.50.109	0
192.168.7.25	151.101.50.109	0
192.168.7.25	151.101.50.109	0
192.168.7.25	151.101.50.109	0
151.101.50.109	192.168.7.25	1428
151.101.50.109	192.168.7.25	1428
151.101.50.109	192.168.7.25	1428
151.101.50.109	192.168.7.25	1428
151.101.50.109	192.168.7.25	1428
192.168.7.25	151.101.50.109	0
151.101.50.109	192.168.7.25	1428
151.101.50.109	192.168.7.25	1428
151.101.50.109	192.168.7.25	1428
151.101.50.109	192.168.7.25	1428
151.101.50.109	192.168.7.25	1428
192.168.7.25	151.101.50.109	0
172.217.195.157	192.168.7.25	0
35.186.194.58	192.168.7.25	0
192.168.7.25	172.217.195.157	0
172.217.195.157	192.168.7.25	0
172.217.195.157	192.168.7.25	0
34.213.214.155	192.168.7.25	0
151.101.50.109	192.168.7.25	1428
151.101.50.109	192.168.7.25	1428
151.101.50.109	192.168.7.25	1428
151.101.50.109	192.168.7.25	1428
151.101.50.109	192.168.7.25	1428
151.101.50.109	192.168.7.25	1428
34.213.214.155	192.168.7.25	1448
34.213.214.155	192.168.7.25	1448
34.213.214.155	192.168.7.25	589
151.101.50.109	192.168.7.25	1428
192.168.7.25	34.213.214.155	0
192.168.7.25	34.213.214.155	0
151.101.50.109	192.168.7.25	1428
151.101.50.109	192.168.7.25	1428
151.101.50.109	192.168.7.25	1428
151.101.50.109	192.168.7.25	1428
151.101.50.109	192.168.7.25	1428
192.168.7.25	151.101.50.109	0
151.101.50.109	192.168.7.25	1428
151.101.50.109	192.168.7.25	1428
151.101.50.109	192.168.7.25	1428
151.101.50.109	192.168.7.25	1428
151.101.50.109	192.168.7.25	1428
151.101.50.109	192.168.7.25	1428
151.101.50.109	192.168.7.25	1428
151.101.50.109	192.168.7.25	1428
151.101.50.109	192.168.7.25	1428
151.101.50.109	192.168.7.25	1428
151.101.50.109	192.168.7.25	1428
151.101.50.109	192.168.7.25	1428
151.101.50.109	192.168.7.25	1428
172.217.195.157	192.168.7.25	0
192.168.7.25	151.101.50.109	0
192.168.7.25	151.101.50.109	0
151.101.50.109	192.168.7.25	1428
151.101.50.109	192.168.7.25	1428
151.101.50.109	192.168.7.25	1428
151.101.50.109	192.168.7.25	1428
151.101.50.109	192.168.7.25	1428
151.101.50.109	192.168.7.25	1428
192.168.7.25	34.213.214.155	126
172.217.9.132	192.168.7.25	0
192.168.7.25	72.21.91.29	0
151.101.50.109	192.168.7.25	1428
151.101.50.109	192.168.7.25	1428
151.101.50.109	192.168.7.25	1428
151.101.50.109	192.168.7.25	1428
151.101.50.109	192.168.7.25	1428
192.168.7.25	151.101.50.109	0
151.101.50.109	192.168.7.25	1428
151.101.50.109	192.168.7.25	1428
151.101.50.109	192.168.7.25	1428
151.101.50.109	192.168.7.25	1428
151.101.50.109	192.168.7.25	1428
151.101.50.109	192.168.7.25	1428
192.168.7.25	151.101.50.109	0
151.101.50.109	192.168.7.25	1428
151.101.50.109	192.168.7.25	1428
151.101.50.109	192.168.7.25	1428
151.101.50.109	192.168.7.25	1428
151.101.50.109	192.168.7.25	1428
151.101.50.109	192.168.7.25	1428
192.168.7.25	151.101.50.109	0
151.101.50.109	192.168.7.25	1428
151.101.50.109	192.168.7.25	1428
151.101.50.109	192.168.7.25	1428
151.101.50.109	192.168.7.25	1428
151.101.50.109	192.168.7.25	1428
151.101.50.109	192.168.7.25	1428
151.101.50.109	192.168.7.25	1428
151.101.50.109	192.168.7.25	1428
192.168.7.25	151.101.50.109	0
151.101.50.109	192.168.7.25	1428
151.101.50.109	192.168.7.25	1428
151.101.50.109	192.168.7.25	1428
151.101.50.109	192.168.7.25	1428
151.101.50.109	192.168.7.25	1428
151.101.50.109	192.168.7.25	1428
151.101.50.109	192.168.7.25	1428
151.101.50.109	192.168.7.25	1428
151.101.50.109	192.168.7.25	1428
151.101.50.109	192.168.7.25	1428
192.168.7.25	151.101.50.109	0
151.101.50.109	192.168.7.25	1428
151.101.50.109	192.168.7.25	1428
151.101.50.109	192.168.7.25	1428
151.101.50.109	192.168.7.25	1428
151.101.50.109	192.168.7.25	1428
151.101.50.109	192.168.7.25	1428
192.168.7.25	151.101.50.109	0
151.101.50.109	192.168.7.25	1428
151.101.50.109	192.168.7.25	1428
151.101.50.109	192.168.7.25	1428
151.101.50.109	192.168.7.25	1428
151.101.50.109	192.168.7.25	1428
151.101.50.109	192.168.7.25	1428
151.101.50.109	192.168.7.25	1428
151.101.50.109	192.168.7.25	1428
151.101.50.109	192.168.7.25	1428
151.101.50.109	192.168.7.25	1428
192.168.7.25	151.101.50.109	0
151.101.50.109	192.168.7.25	1428
151.101.50.109	192.168.7.25	1428
151.101.50.109	192.168.7.25	1428
151.101.50.109	192.168.7.25	1428
151.101.50.109	192.168.7.25	1428
151.101.50.109	192.168.7.25	1428
151.101.50.109	192.168.7.25	1428
151.101.50.109	192.168.7.25	1428
151.101.50.109	192.168.7.25	1428
151.101.50.109	192.168.7.25	1428
151.101.50.109	192.168.7.25	1428
151.101.50.109	192.168.7.25	1428
151.101.50.109	192.168.7.25	1428
151.101.50.109	192.168.7.25	1428
151.101.50.109	192.168.7.25	1428
192.168.7.25	151.101.50.109	0
192.168.7.25	151.101.50.109	0
151.101.50.109	192.168.7.25	1428
151.101.50.109	192.168.7.25	1428
151.101.50.109	192.168.7.25	1428
151.101.50.109	192.168.7.25	1428
151.101.50.109	192.168.7.25	1428
151.101.50.109	192.168.7.25	1428
151.101.50.109	192.168.7.25	1428
151.101.50.109	192.168.7.25	1428
151.101.50.109	192.168.7.25	1428
192.168.7.25	151.101.50.109	0
192.168.7.25	151.101.50.109	0
151.101.50.109	192.168.7.25	1428
151.101.50.109	192.168.7.25	1428
151.101.50.109	192.168.7.25	1428
151.101.50.109	192.168.7.25	1428
151.101.50.109	192.168.7.25	1428
151.101.50.109	192.168.7.25	1428
151.101.50.109	192.168.7.25	1428
151.101.50.109	192.168.7.25	1428
151.101.50.109	192.168.7.25	1428
151.101.50.109	192.168.7.25	1428
151.101.50.109	192.168.7.25	1428
192.168.7.25	151.101.50.109	0
151.101.50.109	192.168.7.25	1428
72.21.91.29	192.168.7.25	0
192.168.7.25	72.21.91.29	0
192.168.7.25	72.21.91.29	385
151.101.50.109	192.168.7.25	1428
151.101.50.109	192.168.7.25	1428
151.101.50.109	192.168.7.25	1428
151.101.50.109	192.168.7.25	1428
151.101.50.109	192.168.7.25	1428
151.101.50.109	192.168.7.25	1428
151.101.50.109	192.168.7.25	1428
151.101.50.109	192.168.7.25	1428
192.168.7.25	151.101.50.109	0
151.101.50.109	192.168.7.25	1428
151.101.50.109	192.168.7.25	1428
151.101.50.109	192.168.7.25	1428
151.101.50.109	192.168.7.25	1428
151.101.50.109	192.168.7.25	1428
151.101.50.109	192.168.7.25	1428
151.101.50.109	192.168.7.25	1428
172.217.9.132	192.168.7.25	257
151.101.50.109	192.168.7.25	1428
151.101.50.109	192.168.7.25	1428
172.217.9.132	192.168.7.25	73
192.168.7.25	151.101.50.109	0
192.168.7.25	172.217.9.132	0
192.168.7.25	172.217.9.132	0
172.217.9.132	192.168.7.25	31
151.101.50.109	192.168.7.25	1428
172.217.9.132	192.168.7.25	39
172.217.9.132	192.168.7.25	71
172.217.9.132	192.168.7.25	73
172.217.9.132	192.168.7.25	31
192.168.7.25	172.217.9.132	0
192.168.7.25	172.217.9.132	0
192.168.7.25	172.217.9.132	0
192.168.7.25	172.217.9.132	0
192.168.7.25	172.217.9.132	0
192.168.7.25	172.217.9.132	39
151.101.50.109	192.168.7.25	1428
151.101.50.109	192.168.7.25	1428
151.101.50.109	192.168.7.25	1428
151.101.50.109	192.168.7.25	1428
151.101.50.109	192.168.7.25	1428
151.101.50.109	192.168.7.25	1428
151.101.50.109	192.168.7.25	1428
192.168.7.25	151.101.50.109	0
151.101.50.109	192.168.7.25	1428
151.101.50.109	192.168.7.25	1428
151.101.50.109	192.168.7.25	1428
151.101.50.109	192.168.7.25	1428
151.101.50.109	192.168.7.25	1428
151.101.50.109	192.168.7.25	1428
151.101.50.109	192.168.7.25	1428
192.168.7.25	151.101.50.109	0
151.101.50.109	192.168.7.25	1428
151.101.50.109	192.168.7.25	1428
151.101.50.109	192.168.7.25	1428
151.101.50.109	192.168.7.25	1428
151.101.50.109	192.168.7.25	1428
151.101.50.109	192.168.7.25	1428
151.101.50.109	192.168.7.25	1428
151.101.50.109	192.168.7.25	1428
192.168.7.25	151.101.50.109	0
151.101.50.109	192.168.7.25	1428
151.101.50.109	192.168.7.25	1428
151.101.50.109	192.168.7.25	1428
151.101.50.109	192.168.7.25	1428
151.101.50.109	192.168.7.25	1428
151.101.50.109	192.168.7.25	1428
151.101.50.109	192.168.7.25	1428
192.168.7.25	151.101.50.109	0
151.101.50.109	192.168.7.25	1428
151.101.50.109	192.168.7.25	1428
151.101.50.109	192.168.7.25	1428
151.101.50.109	192.168.7.25	1428
151.101.50.109	192.168.7.25	1428
151.101.50.109	192.168.7.25	1428
192.168.7.25	151.101.50.109	0
151.101.50.109	192.168.7.25	1428
151.101.50.109	192.168.7.25	1428
151.101.50.109	192.168.7.25	1428
151.101.50.109	192.168.7.25	1428
151.101.50.109	192.168.7.25	1428
151.101.50.109	192.168.7.25	1428
151.101.50.109	192.168.7.25	1428
192.168.7.25	151.101.50.109	0
151.101.50.109	192.168.7.25	1428
151.101.50.109	192.168.7.25	1428
151.101.50.109	192.168.7.25	1428
192.168.7.25	172.217.9.170	39
192.168.7.25	172.217.1.142	39
192.168.7.25	35.186.194.58	46
192.168.7.25	172.217.9.132	39
192.168.7.25	96.16.209.82	46
192.168.7.25	172.217.195.157	39
192.168.7.25	216.239.32.21	46
192.168.7.25	172.217.9.168	39
192.168.7.25	104.20.84.19	39
192.168.7.25	172.226.209.65	46
192.168.7.25	172.217.12.46	39
192.168.7.25	216.58.194.99	0
192.168.7.25	151.139.128.14	0
192.168.7.25	216.58.194.99	0
192.168.7.25	72.21.91.29	0
192.168.7.25	72.21.91.29	0
192.168.7.25	216.58.194.99	0
192.168.7.25	151.101.128.217	31
192.168.7.25	151.101.128.217	0
192.168.7.25	172.226.209.65	31
192.168.7.25	172.226.209.65	0
192.168.7.25	52.26.8.178	31
151.101.50.109	192.168.7.25	1428
192.168.7.25	52.26.8.178	0
72.21.91.29	192.168.7.25	0
151.101.50.109	192.168.7.25	1428
151.101.50.109	192.168.7.25	1428
151.101.50.109	192.168.7.25	1428
192.168.7.25	151.101.50.109	0
192.168.7.25	151.101.50.109	0
151.101.50.109	192.168.7.25	1428
151.101.50.109	192.168.7.25	1428
151.101.50.109	192.168.7.25	1428
151.101.50.109	192.168.7.25	1428
151.101.50.109	192.168.7.25	1428
72.21.91.29	192.168.7.25	787
151.101.50.109	192.168.7.25	1428
151.101.50.109	192.168.7.25	1428
151.101.50.109	192.168.7.25	1428
151.101.50.109	192.168.7.25	1428
151.101.50.109	192.168.7.25	1428
192.168.7.25	72.21.91.29	0
151.101.50.109	192.168.7.25	1428
192.168.7.25	151.101.50.109	0
192.168.7.25	151.101.50.109	0
192.168.7.25	72.21.91.29	0
192.168.7.25	151.101.50.109	0
192.168.7.25	172.217.1.142	24
192.168.7.25	172.217.1.142	0
192.168.7.25	172.217.9.168	24
192.168.7.25	172.217.9.168	0
192.168.7.25	172.226.209.65	31
192.168.7.25	172.226.209.65	0
192.168.7.25	172.217.195.157	24
192.168.7.25	172.217.195.157	0
192.168.7.25	35.186.194.58	31
192.168.7.25	35.186.194.58	0
192.168.7.25	96.16.209.82	31
192.168.7.25	96.16.209.82	0
192.168.7.25	172.217.9.132	24
192.168.7.25	172.217.9.132	0
192.168.7.25	172.217.9.170	24
192.168.7.25	172.217.9.170	0
192.168.7.25	216.239.32.21	31
192.168.7.25	216.239.32.21	0
192.168.7.25	172.217.12.46	24
192.168.7.25	172.217.12.46	0
192.168.7.25	104.20.84.19	24
192.168.7.25	104.20.84.19	0
192.168.7.25	72.21.91.29	0
151.101.50.109	192.168.7.25	1428
151.101.50.109	192.168.7.25	1428
151.101.50.109	192.168.7.25	1428
151.101.50.109	192.168.7.25	1428
151.101.50.109	192.168.7.25	1428
151.101.50.109	192.168.7.25	1428
151.101.50.109	192.168.7.25	1428
151.101.50.109	192.168.7.25	1428
151.101.50.109	192.168.7.25	1428
151.101.50.109	192.168.7.25	1428
151.101.50.109	192.168.7.25	1428
151.101.50.109	192.168.7.25	1428
151.101.50.109	192.168.7.25	1428
151.101.50.109	192.168.7.25	1428
151.101.50.109	192.168.7.25	1428
151.101.50.109	192.168.7.25	1428
151.101.50.109	192.168.7.25	1428
151.101.50.109	192.168.7.25	1428
151.101.50.109	192.168.7.25	1428
192.168.7.25	151.101.50.109	0
192.168.7.25	151.101.50.109	0
151.101.50.109	192.168.7.25	1428
151.101.50.109	192.168.7.25	1428
151.101.50.109	192.168.7.25	1428
151.101.50.109	192.168.7.25	1428
151.101.50.109	192.168.7.25	1428
151.101.50.109	192.168.7.25	1428
192.168.7.25	151.101.50.109	0
151.101.50.109	192.168.7.25	1428
151.101.50.109	192.168.7.25	1428
151.101.50.109	192.168.7.25	1428
151.101.50.109	192.168.7.25	1428
151.101.50.109	192.168.7.25	1428
151.101.50.109	192.168.7.25	1428
151.101.50.109	192.168.7.25	1428
151.101.50.109	192.168.7.25	1428
192.168.7.25	151.101.50.109	0
151.101.50.109	192.168.7.25	1428
151.101.50.109	192.168.7.25	1428
151.101.50.109	192.168.7.25	1428
151.101.50.109	192.168.7.25	1428
151.101.50.109	192.168.7.25	1428
151.101.50.109	192.168.7.25	1428
151.101.50.109	192.168.7.25	1428
151.101.50.109	192.168.7.25	1428
151.101.50.109	192.168.7.25	1428
192.168.7.25	151.101.50.109	0
151.101.50.109	192.168.7.25	1428
151.101.50.109	192.168.7.25	1428
151.101.50.109	192.168.7.25	1428
151.101.50.109	192.168.7.25	1428
151.101.50.109	192.168.7.25	1428
151.101.50.109	192.168.7.25	1428
151.101.50.109	192.168.7.25	1428
192.168.7.25	151.101.50.109	0
151.101.50.109	192.168.7.25	1428
192.168.7.25	151.101.130.110	0
172.217.9.170	192.168.7.25	0
34.213.214.155	192.168.7.25	51
192.168.7.25	34.213.214.155	0
172.217.9.132	192.168.7.25	0
172.217.1.142	192.168.7.25	0
216.239.32.21	192.168.7.25	0
151.139.128.14	192.168.7.25	0
172.217.9.168	192.168.7.25	0
192.168.7.25	151.139.128.14	0
172.226.209.65	192.168.7.25	31
172.226.209.65	192.168.7.25	0
192.168.7.25	172.226.209.65	0
35.186.194.58	192.168.7.25	0
96.16.209.82	192.168.7.25	0
172.217.9.168	192.168.7.25	0
172.217.1.142	192.168.7.25	0
151.101.128.217	192.168.7.25	31
192.168.7.25	151.101.128.217	0
172.217.9.168	192.168.7.25	0
151.101.128.217	192.168.7.25	0
192.168.7.25	172.217.9.168	0
172.226.209.65	192.168.7.25	0
172.226.209.65	192.168.7.25	0
72.21.91.29	192.168.7.25	0
172.217.12.46	192.168.7.25	0
172.226.209.65	192.168.7.25	31
151.101.50.109	192.168.7.25	1428
172.226.209.65	192.168.7.25	0
192.168.7.25	72.21.91.29	0
192.168.7.25	172.226.209.65	0
151.101.50.109	192.168.7.25	1428
151.101.50.109	192.168.7.25	1428
151.101.50.109	192.168.7.25	1428
151.101.50.109	192.168.7.25	1428
151.101.50.109	192.168.7.25	1428
216.58.194.99	192.168.7.25	0
192.168.7.25	151.101.50.109	0
192.168.7.25	216.58.194.99	0
72.21.91.29	192.168.7.25	0
216.58.194.99	192.168.7.25	0
151.101.128.217	192.168.7.25	0
172.226.209.65	192.168.7.25	0
151.101.50.109	192.168.7.25	1428
192.168.7.25	72.21.91.29	0
192.168.7.25	216.58.194.99	0
151.101.50.109	192.168.7.25	1428
216.58.194.99	192.168.7.25	0
151.101.50.109	192.168.7.25	1428
151.101.50.109	192.168.7.25	1428
151.101.50.109	192.168.7.25	1428
151.101.50.109	192.168.7.25	1428
172.217.9.170	192.168.7.25	0
172.217.9.168	192.168.7.25	0
172.217.9.170	192.168.7.25	0
172.217.9.132	192.168.7.25	0
216.239.32.21	192.168.7.25	0
172.217.1.142	192.168.7.25	0
151.101.50.109	192.168.7.25	1428
192.168.7.25	216.58.194.99	0
192.168.7.25	172.217.9.170	0
192.168.7.25	172.217.9.132	0
192.168.7.25	172.217.1.142	0
151.101.50.109	192.168.7.25	1428
151.101.50.109	192.168.7.25	1428
151.101.50.109	192.168.7.25	1428
151.101.50.109	192.168.7.25	1428
151.101.50.109	192.168.7.25	1428
72.21.91.29	192.168.7.25	0
192.168.7.25	151.101.50.109	0
192.168.7.25	72.21.91.29	0
151.101.50.109	192.168.7.25	1428
151.101.50.109	192.168.7.25	1428
151.101.50.109	192.168.7.25	1428
35.186.194.58	192.168.7.25	0
35.186.194.58	192.168.7.25	0
96.16.209.82	192.168.7.25	0
35.186.194.58	192.168.7.25	0
96.16.209.82	192.168.7.25	31
96.16.209.82	192.168.7.25	0
192.168.7.25	35.186.194.58	0
192.168.7.25	96.16.209.82	0
192.168.7.25	34.213.214.155	743
172.217.195.157	192.168.7.25	0
151.101.130.110	192.168.7.25	0
192.168.7.25	151.101.130.110	0
172.217.12.46	192.168.7.25	0
172.217.12.46	192.168.7.25	0
216.239.32.21	192.168.7.25	0
192.168.7.25	216.239.32.21	0
192.168.7.25	172.217.12.46	0
192.168.7.25	151.101.130.110	517
172.217.195.157	192.168.7.25	0
172.217.195.157	192.168.7.25	0
192.168.7.25	172.217.195.157	0
151.101.50.109	192.168.7.25	1428
151.101.50.109	192.168.7.25	1428
151.101.50.109	192.168.7.25	1428
151.101.50.109	192.168.7.25	1428
151.101.50.109	192.168.7.25	1428
192.168.7.25	151.101.50.109	0
151.101.50.109	192.168.7.25	1428
151.101.50.109	192.168.7.25	1428
172.217.12.46	192.168.7.25	0
72.21.91.29	192.168.7.25	0
151.101.50.109	192.168.7.25	1428
151.101.50.109	192.168.7.25	1428
151.101.50.109	192.168.7.25	1428
151.101.50.109	192.168.7.25	1428
192.168.7.25	72.21.91.29	0
192.168.7.25	151.101.50.109	0
151.101.50.109	192.168.7.25	1428
151.101.50.109	192.168.7.25	1428
151.101.50.109	192.168.7.25	1428
151.101.50.109	192.168.7.25	1428
104.20.84.19	192.168.7.25	0
151.101.50.109	192.168.7.25	1428
192.168.7.25	34.213.214.155	31
192.168.7.25	34.213.214.155	0
151.101.50.109	192.168.7.25	1428
151.101.50.109	192.168.7.25	1428
151.101.50.109	192.168.7.25	1428
151.101.50.109	192.168.7.25	1428
151.101.50.109	192.168.7.25	1428
192.168.7.25	151.101.50.109	0
104.20.84.19	192.168.7.25	0
151.101.50.109	192.168.7.25	1428
151.101.50.109	192.168.7.25	1428
151.101.50.109	192.168.7.25	1428
151.101.50.109	192.168.7.25	1428
151.101.50.109	192.168.7.25	1428
151.101.50.109	192.168.7.25	1428
151.101.50.109	192.168.7.25	1428
151.101.50.109	192.168.7.25	1428
151.101.50.109	192.168.7.25	1428
151.101.50.109	192.168.7.25	1428
192.168.7.25	104.20.84.19	0
192.168.7.25	151.101.50.109	0
192.168.7.25	151.101.50.109	0
151.101.50.109	192.168.7.25	1428
151.101.50.109	192.168.7.25	1428
151.101.50.109	192.168.7.25	1428
151.101.50.109	192.168.7.25	1428
151.101.50.109	192.168.7.25	1428
151.101.50.109	192.168.7.25	1428
151.101.50.109	192.168.7.25	1428
192.168.7.25	151.101.50.109	0
151.101.50.109	192.168.7.25	1428
151.101.50.109	192.168.7.25	1428
151.101.50.109	192.168.7.25	1428
151.101.50.109	192.168.7.25	1428
151.101.50.109	192.168.7.25	1428
151.101.50.109	192.168.7.25	1428
151.101.50.109	192.168.7.25	1428
151.101.50.109	192.168.7.25	1428
151.101.50.109	192.168.7.25	1428
151.101.50.109	192.168.7.25	1428
172.217.195.157	192.168.7.25	0
192.168.7.25	151.101.50.109	0
192.168.7.25	34.212.195.53	35
96.16.209.82	192.168.7.25	31
151.101.50.109	192.168.7.25	1428
151.101.50.109	192.168.7.25	1428
151.101.50.109	192.168.7.25	1428
151.101.50.109	192.168.7.25	1428
151.101.50.109	192.168.7.25	1428
151.101.50.109	192.168.7.25	1428
151.101.50.109	192.168.7.25	1428
192.168.7.25	151.101.50.109	0
151.101.50.109	192.168.7.25	1428
151.101.50.109	192.168.7.25	1428
151.101.50.109	192.168.7.25	1428
151.101.50.109	192.168.7.25	1428
151.101.50.109	192.168.7.25	1428
151.101.50.109	192.168.7.25	1428
151.101.50.109	192.168.7.25	1428
151.101.50.109	192.168.7.25	1428
151.101.50.109	192.168.7.25	1428
151.101.50.109	192.168.7.25	1428
192.168.7.25	151.101.50.109	0
151.101.50.109	192.168.7.25	1428
151.101.130.110	192.168.7.25	0
151.101.130.110	192.168.7.25	1428
151.101.130.110	192.168.7.25	1428
151.101.50.109	192.168.7.25	1428
151.101.130.110	192.168.7.25	1428
151.101.130.110	192.168.7.25	1428
192.168.7.25	151.101.130.110	0
192.168.7.25	151.101.130.110	0
151.101.130.110	192.168.7.25	1092
151.101.50.109	192.168.7.25	1428
151.101.50.109	192.168.7.25	1428
192.168.7.25	151.101.130.110	0
192.168.7.25	151.101.130.110	0
151.101.50.109	192.168.7.25	1428
151.101.50.109	192.168.7.25	1428
151.101.50.109	192.168.7.25	1428
151.101.50.109	192.168.7.25	1428
151.101.50.109	192.168.7.25	1428
151.101.50.109	192.168.7.25	1428
151.101.50.109	192.168.7.25	1428
151.101.50.109	192.168.7.25	1428
192.168.7.25	151.101.50.109	0
192.168.7.25	151.101.130.110	93
151.101.50.109	192.168.7.25	1428
151.101.50.109	192.168.7.25	1428
151.101.50.109	192.168.7.25	1428
151.101.50.109	192.168.7.25	1428
151.101.50.109	192.168.7.25	1428
151.101.50.109	192.168.7.25	1428
192.168.7.25	151.101.50.109	0
151.101.50.109	192.168.7.25	1428
151.101.50.109	192.168.7.25	1428
151.101.50.109	192.168.7.25	1428
151.101.50.109	192.168.7.25	1428
192.168.7.25	151.101.50.109	0
192.168.7.25	151.101.130.110	177
192.168.7.25	151.101.130.110	214
151.101.50.109	192.168.7.25	1428
151.101.50.109	192.168.7.25	1428
151.101.50.109	192.168.7.25	1428
151.101.50.109	192.168.7.25	1428
151.101.50.109	192.168.7.25	1428
151.101.50.109	192.168.7.25	1428
151.101.50.109	192.168.7.25	1428
151.101.50.109	192.168.7.25	1428
192.168.7.25	151.101.50.109	0
151.101.50.109	192.168.7.25	1428
151.101.50.109	192.168.7.25	1428
151.101.50.109	192.168.7.25	1428
151.101.50.109	192.168.7.25	1428
151.101.50.109	192.168.7.25	1428
151.101.50.109	192.168.7.25	1428
151.101.50.109	192.168.7.25	1428
151.101.50.109	192.168.7.25	1428
151.101.50.109	192.168.7.25	1428
151.101.50.109	192.168.7.25	1428
151.101.50.109	192.168.7.25	1428
151.101.50.109	192.168.7.25	1428
192.168.7.25	151.101.50.109	0
151.101.50.109	192.168.7.25	1428
151.101.50.109	192.168.7.25	1428
151.101.50.109	192.168.7.25	1428
151.101.50.109	192.168.7.25	1428
192.168.7.25	151.101.50.109	0
151.101.50.109	192.168.7.25	1428
151.101.50.109	192.168.7.25	1428
151.101.50.109	192.168.7.25	1428
151.101.50.109	192.168.7.25	1428
151.101.50.109	192.168.7.25	1428
151.101.50.109	192.168.7.25	1428
151.101.50.109	192.168.7.25	1428
192.168.7.25	151.101.50.109	0
151.101.50.109	192.168.7.25	1428
151.101.50.109	192.168.7.25	1428
151.101.50.109	192.168.7.25	1428
151.101.50.109	192.168.7.25	1428
151.101.50.109	192.168.7.25	1428
192.168.7.25	151.101.50.109	0
192.168.7.25	151.101.50.109	0
151.101.50.109	192.168.7.25	1428
151.101.50.109	192.168.7.25	1428
151.101.50.109	192.168.7.25	1428
151.101.50.109	192.168.7.25	1428
151.101.50.109	192.168.7.25	1428
151.101.50.109	192.168.7.25	1428
151.101.50.109	192.168.7.25	1428
151.101.130.110	192.168.7.25	258
151.101.50.109	192.168.7.25	1428
151.101.50.109	192.168.7.25	1428
151.101.50.109	192.168.7.25	1428
151.101.50.109	192.168.7.25	1428
151.101.50.109	192.168.7.25	1428
151.101.50.109	192.168.7.25	1428
192.168.7.25	151.101.130.110	0
192.168.7.25	151.101.50.109	0
151.101.50.109	192.168.7.25	1428
151.101.50.109	192.168.7.25	1428
151.101.50.109	192.168.7.25	1428
151.101.50.109	192.168.7.25	1428
151.101.50.109	192.168.7.25	1428
151.101.50.109	192.168.7.25	1428
151.101.50.109	192.168.7.25	1428
151.101.50.109	192.168.7.25	1428
151.101.50.109	192.168.7.25	1428
151.101.50.109	192.168.7.25	1428
151.101.50.109	192.168.7.25	1428
151.101.50.109	192.168.7.25	1428
151.101.130.110	192.168.7.25	66
192.168.7.25	151.101.50.109	0
192.168.7.25	151.101.50.109	0
192.168.7.25	151.101.130.110	0
192.168.7.25	151.101.130.110	38
151.101.130.110	192.168.7.25	1428
151.101.130.110	192.168.7.25	1360
151.101.130.110	192.168.7.25	1428
151.101.130.110	192.168.7.25	1360
151.101.130.110	192.168.7.25	1428
192.168.7.25	151.101.130.110	0
192.168.7.25	151.101.130.110	0
151.101.130.110	192.168.7.25	1360
151.101.130.110	192.168.7.25	1428
151.101.130.110	192.168.7.25	107
151.101.50.109	192.168.7.25	1428
192.168.7.25	151.101.130.110	0
192.168.7.25	151.101.130.110	0
192.168.7.25	151.101.130.110	0
192.168.7.25	151.101.130.110	0
151.101.50.109	192.168.7.25	1428
151.101.50.109	192.168.7.25	1428
151.101.50.109	192.168.7.25	1428
151.101.50.109	192.168.7.25	1428
151.101.50.109	192.168.7.25	1428
151.101.50.109	192.168.7.25	1428
151.101.50.109	192.168.7.25	1428
151.101.50.109	192.168.7.25	1428
151.101.50.109	192.168.7.25	1428
151.101.50.109	192.168.7.25	1428
192.168.7.25	151.101.50.109	0
151.101.50.109	192.168.7.25	1428
151.101.50.109	192.168.7.25	1428
151.101.50.109	192.168.7.25	1428
151.101.50.109	192.168.7.25	1428
192.168.7.25	151.101.50.109	0
192.168.7.25	151.101.50.109	42
192.168.7.25	151.101.50.109	46
192.168.7.25	151.101.50.109	31
192.168.7.25	151.101.50.109	0
151.101.50.109	192.168.7.25	1428
151.101.50.109	192.168.7.25	1428
192.168.7.25	151.101.50.109	0
151.101.50.109	192.168.7.25	1428
151.101.50.109	192.168.7.25	1428
151.101.50.109	192.168.7.25	1428
151.101.50.109	192.168.7.25	1428
151.101.50.109	192.168.7.25	1428
151.101.50.109	192.168.7.25	1428
151.101.50.109	192.168.7.25	1428
151.101.50.109	192.168.7.25	1428
151.101.50.109	192.168.7.25	1428
151.101.50.109	192.168.7.25	1428
151.101.50.109	192.168.7.25	1428
151.101.50.109	192.168.7.25	1428
151.101.50.109	192.168.7.25	1428
151.101.50.109	192.168.7.25	1428
151.101.50.109	192.168.7.25	1428
151.101.50.109	192.168.7.25	1428
151.101.50.109	192.168.7.25	1428
151.101.50.109	192.168.7.25	1428
151.101.50.109	192.168.7.25	1428
151.101.50.109	192.168.7.25	1428
151.101.50.109	192.168.7.25	1428
151.101.50.109	192.168.7.25	1428
151.101.50.109	192.168.7.25	1428
151.101.50.109	192.168.7.25	1428
151.101.50.109	192.168.7.25	1428
151.101.50.109	192.168.7.25	1428
151.101.50.109	192.168.7.25	1428
151.101.50.109	192.168.7.25	1428
151.101.50.109	192.168.7.25	1428
151.101.50.109	192.168.7.25	1428
151.101.50.109	192.168.7.25	1428
151.101.50.109	192.168.7.25	1428
151.101.50.109	192.168.7.25	1428
192.168.7.25	151.101.130.110	46
192.168.7.25	151.101.130.110	31
192.168.7.25	151.101.130.110	0
52.26.8.178	192.168.7.25	31
192.168.7.25	52.26.8.178	0
192.168.7.25	34.212.195.53	31
192.168.7.25	34.212.195.53	0
52.26.8.178	192.168.7.25	0
52.26.8.178	192.168.7.25	0
151.101.128.217	192.168.7.25	0
151.101.50.109	192.168.7.25	1428
151.101.50.109	192.168.7.25	1428
151.101.50.109	192.168.7.25	1428
151.101.50.109	192.168.7.25	1428
151.101.50.109	192.168.7.25	1428
151.101.50.109	192.168.7.25	1428
151.101.50.109	192.168.7.25	1428
151.101.50.109	192.168.7.25	1428
151.101.50.109	192.168.7.25	1428
151.101.50.109	192.168.7.25	1428
151.101.50.109	192.168.7.25	1428
151.101.50.109	192.168.7.25	1428
151.101.50.109	192.168.7.25	1428
151.101.50.109	192.168.7.25	1428
151.101.50.109	192.168.7.25	1428
151.101.50.109	192.168.7.25	1428
151.101.50.109	192.168.7.25	1428
151.101.50.109	192.168.7.25	1428
151.101.50.109	192.168.7.25	1428
151.101.50.109	192.168.7.25	1428
151.101.50.109	192.168.7.25	1428
151.101.50.109	192.168.7.25	1428
151.101.50.109	192.168.7.25	1428
151.101.50.109	192.168.7.25	1428
151.101.50.109	192.168.7.25	1428
151.101.50.109	192.168.7.25	1428
151.101.50.109	192.168.7.25	1428
151.101.50.109	192.168.7.25	1428
151.101.50.109	192.168.7.25	1428
151.101.50.109	192.168.7.25	1428
151.101.50.109	192.168.7.25	1428
151.101.50.109	192.168.7.25	1428
151.101.50.109	192.168.7.25	1428
151.101.50.109	192.168.7.25	1428
151.101.50.109	192.168.7.25	1428
151.101.50.109	192.168.7.25	1428
151.101.50.109	192.168.7.25	1428
151.101.130.110	192.168.7.25	0
151.101.130.110	192.168.7.25	31
151.101.130.110	192.168.7.25	0
151.101.50.109	192.168.7.25	1428
192.168.7.25	151.101.130.110	0
151.101.50.109	192.168.7.25	1428
151.101.50.109	192.168.7.25	1428
151.101.50.109	192.168.7.25	1428
151.101.50.109	192.168.7.25	1428
151.101.50.109	192.168.7.25	1428
151.101.130.110	192.168.7.25	0
151.101.50.109	192.168.7.25	1428
151.101.50.109	192.168.7.25	1428
151.101.50.109	192.168.7.25	0
34.242.245.114	192.168.7.25	31
34.213.214.155	192.168.7.25	0
34.213.214.155	192.168.7.25	1448
34.213.214.155	192.168.7.25	4
34.213.214.155	192.168.7.25	31
192.168.7.25	34.213.214.155	0
34.212.195.53	192.168.7.25	31
34.212.195.53	192.168.7.25	31
34.212.195.53	192.168.7.25	0
192.168.7.25	34.212.195.53	0
151.101.130.110	192.168.7.25	0
34.212.195.53	192.168.7.25	0
52.26.8.178	192.168.7.25	0
172.226.209.65	192.168.7.25	31
172.226.209.65	192.168.7.25	31
96.16.209.82	192.168.7.25	31
172.226.209.65	192.168.7.25	31
151.101.128.217	192.168.7.25	31
151.101.50.109	192.168.7.25	1428
34.212.195.53	192.168.7.25	0
151.101.130.110	192.168.7.25	31
34.213.214.155	192.168.7.25	31
172.226.209.65	192.168.7.25	31
172.226.209.65	192.168.7.25	31
96.16.209.82	192.168.7.25	31
34.212.195.53	192.168.7.25	62
52.26.8.178	192.168.7.25	31
34.212.195.53	192.168.7.25	62
172.226.209.65	192.168.7.25	31
151.101.50.109	192.168.7.25	1428
34.212.195.53	192.168.7.25	62
151.101.128.217	192.168.7.25	31
172.226.209.65	192.168.7.25	31
96.16.209.82	192.168.7.25	31
151.101.130.110	192.168.7.25	31
34.213.214.155	192.168.7.25	1448
52.26.8.178	192.168.7.25	31
96.16.209.82	192.168.7.25	31
172.226.209.65	192.168.7.25	31
172.226.209.65	192.168.7.25	31
96.16.209.82	192.168.7.25	31
52.26.8.178	192.168.7.25	31
34.212.195.53	192.168.7.25	62
35.165.44.141	192.168.7.25	31
172.226.209.65	192.168.7.25	31
34.242.245.114	192.168.7.25	31
172.226.209.65	192.168.7.25	31
96.16.209.82	192.168.7.25	31
172.226.209.65	192.168.7.25	31
96.16.209.82	192.168.7.25	31
151.101.50.109	192.168.7.25	1428
151.101.130.110	192.168.7.25	31
151.101.128.217	192.168.7.25	31
172.226.209.65	192.168.7.25	31
34.213.214.155	192.168.7.25	1448
52.26.8.178	192.168.7.25	31
34.212.195.53	192.168.7.25	62
172.226.209.65	192.168.7.25	31
96.16.209.82	192.168.7.25	31
172.226.209.65	192.168.7.25	31
172.226.209.65	192.168.7.25	31
96.16.209.82	192.168.7.25	31
34.242.245.114	192.168.7.25	31
